3.743312307603082978e+00 7.037000976421722065e+00 6.831906364876749738e-01 1.913208047366342646e+00 2.895320758588748600e+00 6.394451874852613571e+00 1.973131879800964494e+00 4.775817577225693000e+00 2.514224257370232252e+00 2.085686514922774570e+00 -1.312509547810000043e+01
2.391363006312319239e+00 7.452464995331925302e+00 4.157194283852105876e-01 5.170908739940182741e+00 4.028938023872242979e+00 6.421458940830798490e+00 5.937772707202594091e+00 1.938082012288375733e+00 5.795614022579166580e+00 2.479157168300110126e+00 -3.877826560409999956e+01
1.006129980121986955e+00 5.765915219238886280e+00 5.646741410241729930e+00 4.369770781059965969e+00 1.351116094381610289e+00 3.649749206442269855e+00 6.306604326016631568e+00 4.757450672501790656e+00 5.661345704519183286e+00 7.244297264612180598e+00 -3.497155654969999716e+01
2.372948909982741661e-01 3.325716197494737791e+00 5.725766890542151266e+00 5.116448069525162623e+00 8.614917627917650478e+00 9.790988913596521570e+00 2.600159700017509401e+00 3.409817944735937800e-02 5.593745591233576064e+00 8.621491432932904431e+00 -1.963785641829999928e+00
4.935966995682950831e+00 2.669918578531522702e+00 5.289073777256326991e+00 5.791289374955491454e+00 4.650779199291878108e+00 9.525250271190625284e+00 3.522365955332185106e+00 7.967982895492465190e+00 6.828557054579623475e+00 9.947117896468730791e+00 -3.445467824110000077e+00
3.940329321075486391e+00 8.767397039659325486e+00 7.629257485558107454e+00 1.875535174595003296e+00 5.350700507726646737e-01 7.552836013533752890e+00 3.347590127878103949e+00 1.201818332620209206e+00 4.748156946678788515e+00 2.709719706511873660e+00 -2.755899388299999941e+01
7.043052468475533345e+00 8.928076970530669954e+00 6.320335840374817771e+00 8.949557583508333636e+00 3.481779340405855905e+00 5.644695163146289829e+00 4.315961620247924735e+00 9.235295255475424625e+00 1.582423717360554871e+00 5.275036899519153444e+00 -3.526587322419999992e+01
6.322636875113019528e+00 7.630249229803705902e+00 9.802391692507359977e+00 6.210437624816477431e+00 6.093556144566520949e+00 9.570423547502628026e+00 9.481724146717734669e+00 9.826495417888725825e+00 1.470408671796475941e+00 4.956354587744726814e-01 -6.368473083730000184e+01
7.171538411626990239e+00 2.233372297967046727e+00 2.972182959445348605e+00 2.294968163973676312e+00 7.911138275472984205e+00 3.506454105266565424e+00 4.562182253520546737e+00 7.104294238612505197e+00 9.891678863869282523e+00 6.388751128585647976e+00 -6.360143507200000101e+00
4.360310735793053283e+00 9.535090841824597874e+00 8.588962153480492745e+00 2.935205096178591155e+00 8.632192723984118743e+00 3.809315990013169895e+00 6.302886694915476262e+00 7.841344969958346844e+00 9.724276480033466896e+00 4.960433877856011087e+00 -5.439048096279999811e+01
7.165069318225297579e+00 2.523775142748777789e+00 1.751607134060271243e+00 3.193062673587633071e+00 4.270864689086639743e-01 2.032346678789676009e+00 4.737447992282702636e+00 7.684172956536907684e+00 2.472605453410969822e-01 2.633128654689355308e+00 -1.070466810229999943e+01
7.121325793254617231e+00 3.577363582029369216e-01 3.221485386009550478e+00 2.806870434639875178e+00 6.461023826124545621e+00 3.217577421970088114e+00 5.965451684203319616e+00 6.907955181065061900e-01 1.700242078491304154e+00 9.347665552110019149e+00 2.518416641780000242e-01
3.901627784095766938e+00 3.060345851437379139e+00 7.395334894883839993e+00 9.484044809863569014e+00 9.126528735099659784e+00 5.124872869066805947e+00 5.035812281535089419e+00 2.281529260801873349e+00 2.728991435023466749e+00 6.175340187653253210e+00 -1.174004147880000026e+01
5.469252109530420292e+00 2.344600310867928084e-01 2.724083549439018093e+00 7.814839665467722796e+00 4.448290676251614784e+00 1.745480170879052384e+00 9.144470592023179023e+00 3.490681126585481131e+00 5.925569828504173131e+00 7.579535433146313395e+00 2.697354243370000049e+01
4.052154161687751888e+00 4.240525644392860727e+00 6.291888617508345494e-01 8.377486768096764624e-01 4.614268871360833302e+00 3.458188162317420655e+00 6.754147248751341870e+00 4.366033102674061972e+00 1.610833124131760830e-01 4.347196454999560977e+00 -2.498063128020000079e+01
7.301590371820028125e+00 5.487981482581658632e+00 7.424374409630538629e+00 5.269551467537536560e+00 8.830620760664254831e+00 9.659567303155952800e+00 8.102102508292063909e-01 2.770152946260073801e-01 6.948203316501686544e+00 4.788990782408704128e+00 2.663194484119999927e+00
6.193022575769369098e-02 1.937627202028265883e+00 7.744130303351932199e+00 1.540432542372329738e+00 6.408489402672427282e+00 2.784384241760618828e+00 8.348111370380838281e+00 2.313182329700447237e+00 7.779613311435714884e+00 2.899070332593831623e+00 2.251302067130000140e+01
6.639913975250488321e+00 5.376814164302138543e+00 7.539944438638670476e+00 2.927293579382304056e+00 6.370933269502215168e+00 7.404856624153581812e+00 3.391149756954528804e+00 3.379604925668524551e+00 5.616603436310681374e+00 8.040488821815669596e+00 -1.425859913130000045e+01
5.005428481798221974e+00 4.197091620867224648e+00 9.845721425220730794e+00 6.706284801273217688e+00 7.410802567473568025e+00 5.327664181495198825e+00 8.488461368340949775e+00 8.599857090981430474e+00 6.709323512599130179e-01 2.161390538275242967e+00 -2.953189736559999901e+01
8.246200306803624258e+00 5.776158143162063219e+00 8.119900004171091368e+00 5.293591347937258718e+00 7.907430198688664369e+00 8.231931958635337665e+00 2.052211204883245266e+00 9.151890506256076918e+00 9.940134289589810379e+00 2.200532742671428288e+00 3.955438431250000164e+00
1.655543362520865980e+00 9.386414893567117446e+00 3.193125157968559336e+00 2.258548259116715862e+00 7.002659881980017431e+00 1.595385479616096003e-01 6.074352192169722997e+00 8.606846789149487975e+00 6.629285883904979748e+00 6.799851352428690987e+00 -5.402128024129999773e+01
7.052571931461204535e+00 5.436717476924457060e+00 1.417268099092365841e+00 8.826129765681747230e+00 7.653910406414564882e+00 5.175617201098020814e+00 4.045503599948534479e+00 9.620081775763170029e+00 2.775094911176228862e+00 4.057196655327677259e-01 -9.776285052980000501e+00
5.074929668334661415e+00 6.717173691591380447e+00 8.258965508843278513e+00 1.810829447150272831e+00 5.032619488627071647e+00 5.569827436011318689e+00 6.283121471097098620e+00 9.267999829519592225e+00 4.517495663486748469e+00 8.984901583247102863e+00 -4.142975800020000321e+01
4.048919996714895220e+00 1.496442225081198174e+00 9.633579989253882037e-01 4.343510435415201876e+00 6.776187772158886347e+00 6.231122502966043086e+00 3.440110580414639241e+00 3.105913454592996725e+00 3.830730830347536475e+00 3.045516538551331642e+00 -4.124904510330000384e+00
2.472589940366391126e+00 6.084195213908293098e+00 1.448533809168794928e+00 5.255449023427925859e+00 3.805932477258307856e+00 8.005635717368640769e+00 7.783773440770881180e+00 5.555165714644920705e+00 1.915156878558353926e+00 2.742793698880584330e+00 -4.234336080330000129e+01
7.411078787490898989e-01 7.723454561661955431e+00 6.385272428398522493e+00 7.500929269254279497e+00 1.193596508354325403e+00 8.930396342045627378e+00 7.662247415508909754e+00 2.915749809845259222e+00 6.261423250595878010e+00 7.378728786173445187e+00 -5.191330739800000060e+01
3.405311949461351517e+00 8.881881281472184142e+00 4.492459454033792099e+00 4.998243866773732336e+00 7.894464327128152270e+00 6.364622518322246236e+00 7.320327850641029421e+00 5.137833234707747110e+00 8.496188270887033767e+00 9.623496955841595479e+00 -5.695150640859999669e+01
6.012324739773678317e+00 7.851810028706060152e+00 7.723065201464589080e+00 5.806574976371344121e+00 9.130507523557247040e+00 8.338406561416800145e+00 5.027700701420223517e-01 7.329713286803038130e+00 2.147356452132831439e-01 9.324549802647062791e+00 1.693370986299999936e+00
1.764541273545037203e+00 6.503052798623802921e+00 6.646308912914592248e+00 2.666436669801809600e+00 3.600148634580174978e+00 4.811973960075711432e+00 7.086955638258853440e+00 1.332119530578178557e+00 6.728794291929504290e+00 7.246089528927768697e+00 -4.278464290029999972e+01
9.092353304676958459e+00 6.720738802475858975e+00 3.730052991493367998e+00 2.000806528230676395e+00 5.089087753926659019e+00 7.207058318505597860e+00 2.242861874246768750e+00 2.425986290305327309e+00 4.359387718056098038e+00 9.521624845425844086e+00 -1.356263231219999987e+01
5.227345969261694592e+00 8.506748809450115800e+00 4.888693047786888179e+00 4.682517275602408269e+00 3.695736543526189077e+00 6.647204323670773185e+00 7.763873278190121852e+00 5.893930427625431179e+00 6.600177595467026315e+00 2.955426601273841491e+00 -9.393498106159999850e+01
9.857228241217990572e+00 5.947268403127296210e+00 9.363498011906598251e+00 4.337022779118536953e+00 5.581471274835169361e+00 9.744279536515662699e+00 8.360242132564307482e+00 2.379153669608414567e+00 2.794107710245974374e-01 2.029428170479520510e+00 -4.781403321229999648e+01
3.254256399179100701e+00 8.701641592235228373e+00 7.381138552472754633e+00 4.799793765539658530e+00 7.572099854018510268e-01 8.788534727423870763e+00 8.848280531730857490e+00 6.121280368093876767e+00 1.200992983703691452e+00 4.515503870002191000e+00 -6.128234471870000277e+01
3.139722657041056131e+00 5.409521220298221245e+00 4.378941767294012521e+00 8.483956913015436641e+00 1.359435292658962569e+00 4.528020587321963220e+00 8.156445064594608496e-01 1.182942247491537424e+00 2.277385019295998791e+00 8.036651312014024384e+00 -2.413644030159999954e+00
3.524785990194390095e-01 3.201939395053180704e+00 4.952375943164524230e+00 1.927480160146479715e+00 8.787748743425151332e+00 5.018726976798065564e+00 8.574954162582065109e+00 6.649535950304407805e+00 6.522890609023107800e+00 6.204256221990648079e+00 -2.547359303100000005e+01
6.232189679710394614e+00 1.328103083893195091e+00 5.308423832070230830e+00 4.688940751090506787e+00 7.528672670938363343e-01 8.950722504391908529e+00 7.583096974839699023e+00 8.183024113832187751e+00 6.542352629642874895e+00 2.736417556953456565e+00 -4.667126957299999646e+01
7.276120090963659415e+00 7.652592819682063841e+00 1.784234064197708358e+00 4.381598044998825436e+00 6.129950184385695167e+00 5.801595648204616040e+00 6.584115412022279124e+00 9.631252606525787741e+00 4.434298140245868325e+00 2.463816133857519297e+00 -4.840022822729999774e+01
9.515196279775537391e+00 2.566405555379128955e+00 4.359475425095935108e+00 6.237202432489596937e+00 7.108496902878785662e+00 7.309913398159980424e+00 3.635445077080148302e+00 5.932061816679345956e-01 8.815009237970684808e+00 2.603718425045677964e+00 -3.251013878310000216e+00
5.986336602341375546e+00 1.587470968361545109e+00 9.903597621182766986e+00 7.440379802154525102e+00 3.829969300856853387e+00 3.098677516283818711e+00 7.513043633809991739e+00 5.726481359265955362e+00 7.265335502974573423e+00 3.860100452181192132e-01 1.157711151320000020e+01
5.629859224267764972e+00 3.358677911375377079e+00 4.004589500319760909e+00 5.212967338238714277e+00 4.722333520870908075e+00 6.011647360690933084e+00 5.116629222722549386e+00 5.799042091475383742e+00 9.052324157181161013e+00 8.555789590824540269e+00 -1.049114018510000079e+01
4.018677953591913266e+00 1.098202324987143097e+00 6.964724986352882397e+00 8.599826644271388432e+00 3.802019163581249472e-01 8.417053731284232398e+00 4.828471730936182205e+00 6.419956639022935896e+00 9.837266474030684549e+00 4.862265591282556088e+00 -5.117672680970000165e-01
5.804682909706981420e+00 4.594229324799103953e-01 5.601426808788049883e+00 6.802011027221281481e+00 6.496578679664457567e+00 6.300075608512145653e-01 2.956484873351611142e+00 1.345776975812290610e+00 7.973740509553051137e-01 7.283419553072243424e+00 3.816162484929999987e+00
8.082686008497617536e+00 8.247204295816651154e+00 4.736049480608903295e+00 9.643751119262113036e+00 7.515853498421472878e+00 2.860659624997215822e+00 1.435775221762010112e+00 4.070754099923687086e+00 7.131601973759121194e+00 5.064920655919414649e+00 -6.679087811819999665e+00
1.535440350855623581e+00 3.590614931768630669e+00 7.592221398847790681e+00 2.001925546834633085e+00 8.070669936133176847e+00 6.533197426693795329e+00 6.680842450095144436e+00 3.309879925421643776e-01 9.000408998573144359e+00 9.988207813000354207e+00 -2.180984733960000099e+01
8.366496519466782189e+00 3.329379999041917948e+00 1.294064721265770768e+00 8.887712815599099869e+00 9.146090288891317144e+00 5.872867682699611791e-01 8.155015028324918092e+00 5.362058767965544703e+00 5.648676020008869259e-01 3.087004624081822968e+00 -2.520939244939999924e+01
3.179676842185275909e+00 4.608718072419915046e-01 9.538947401019205685e+00 3.263163517468775865e+00 1.890011434957441505e+00 5.170850667716827331e+00 4.424461778503440357e+00 6.397400228322269733e-01 4.058797342853681656e-01 7.359902137785251597e+00 1.436365469100000070e+00
7.126817185088110129e+00 1.431618838657833237e-01 3.274007140110819503e+00 2.160381148619003877e+00 6.751640866801840168e+00 8.456758304420597394e-01 9.523131462138469061e+00 8.495855577985111040e+00 4.763267194573068686e+00 2.089550879265658079e+00 2.407450806409999977e+00
8.611175521234937236e-01 1.264263468905555410e+00 5.735139952477091185e+00 4.142794511272161806e+00 2.116205549852945289e-01 5.001787617529041441e+00 1.968539686335069039e-01 6.995260009586415251e+00 8.992755888829085720e+00 2.094410009871787715e+00 2.713327475630000052e+01
7.396553938121057215e+00 7.066978736662208327e+00 4.181593522373429295e+00 5.233335536840431956e+00 2.775534856218331292e+00 6.820269376087950697e-01 3.166656366533504574e-01 7.786271938598244624e+00 6.426889327102514038e+00 4.406644144989594558e+00 1.040478218750000039e+01
8.823010386162732921e-02 2.603510709765579634e+00 4.370027172820918793e+00 1.187575673058631764e+00 4.336838507205557747e+00 1.769073872833787364e+00 4.019257637416494333e+00 9.032690417289335194e-01 3.908113394542876762e+00 7.605823983802274313e+00 -3.991123678830000188e+00
3.831866192471613530e+00 5.658916981849047012e+00 7.766227034292479736e+00 5.547720793801068417e+00 6.957607714382815445e+00 1.010236076636765734e+00 9.811486518243592414e+00 9.949704804908252598e+00 8.441844473213430788e+00 1.140420740575209813e-01 2.472961022329999992e+01
3.491549824054771545e+00 5.893909877873232617e+00 5.311651802288399615e+00 4.469010698658851588e+00 3.139882799106991307e+00 7.447277257345467305e+00 8.122045626796760232e+00 6.510278397572029974e+00 7.957217871326084158e+00 1.801769439503835279e+00 -4.435183014100000065e+01
1.673921676558404181e+00 5.786094592031490791e+00 3.698050602697773304e+00 4.942008931190629006e+00 6.068458499243167825e-01 2.585031574529951470e+00 8.381757586311655572e+00 6.570887823114683002e+00 9.629367575221360553e+00 9.154138614122797613e-01 -3.171650119899999964e+01
4.723606800056412425e-01 2.195615114477722507e-01 5.337655657430976142e+00 7.124344660903526361e+00 2.889787800186418565e+00 9.662676931250597789e+00 6.025373011869397111e+00 8.656518296446011007e+00 7.760829816843468620e+00 9.321833733296905677e+00 4.881448928470000226e+00
1.150809788829273428e+00 3.523032772742693552e+00 6.336130522430856615e+00 4.454510481728539695e+00 4.242325849054338960e+00 9.148846242356823311e+00 5.147853961349192708e+00 3.533102340976479461e+00 7.711331930908599475e+00 4.196211972217591679e+00 -1.654226329260000128e+01
8.686726797351898455e+00 8.187097999951017613e+00 9.909641383065157072e+00 9.391215839978460878e+00 9.654217415434249716e+00 1.283420011418749951e+00 2.984986431429141884e+00 9.713982416678655696e+00 7.801464477140816811e+00 3.710583104584138425e+00 -1.688824041919999885e+01
8.561582779639664409e+00 9.370103508018012839e-01 9.650412556883791737e-01 5.130837623943985903e+00 4.754958968075939651e-01 6.392842334964469408e+00 7.628436608823564669e+00 7.263331283781778502e+00 6.401339912243608765e+00 8.554017397225463171e+00 -2.464345597829999956e+00
3.450190295387835171e+00 1.505574520329759913e+00 4.161738864405288396e+00 5.463222863603999002e+00 9.107679281346536815e-01 8.297243273808300401e+00 9.209342831188498835e+00 6.358087704823932818e+00 6.219283231265730905e+00 6.817535652446773398e+00 -8.387777648920000217e+00
2.589268689972934467e+00 7.199736004235981923e+00 1.740136336970737885e+00 5.196726544594247876e+00 4.729578482291851849e-01 8.496220983249347380e-01 8.830561955536406771e+00 9.487147549385616330e+00 2.004507024130530723e-01 2.381019054527455658e-01 -5.842289863780000303e+01
1.560186359530651989e+00 1.343257235918665637e+00 4.866195169573686030e+00 4.237163062741181818e+00 8.175310462898310870e-01 9.557196442653857815e+00 7.650084209276015734e+00 4.705088261545689043e+00 8.924300671183004852e+00 1.965363957577697107e+00 -5.446746808840000398e+00
5.108305770552068470e-01 1.840375348078956419e+00 2.815791706632928548e+00 8.431460212956205069e+00 7.286573968347319408e+00 2.792046751071364241e-01 6.564123077987660260e+00 5.689222207736407633e+00 6.639953836332589177e+00 5.003103801396432182e+00 -9.355280456250000043e+00
1.710640309232858147e-01 7.512477116373250663e-01 5.644444747073375623e+00 1.331496900817806806e+00 1.266134471154078955e-01 5.047363114641527204e+00 8.434726217654780811e+00 7.791580983506893432e+00 1.303603576746122927e+00 8.036470323777136215e+00 1.651250701359999962e+00
1.282779869231266412e+00 1.285492852053854440e+00 3.344219057765044134e+00 4.571706276902755661e+00 2.675446602373110494e-01 4.435498641510731588e+00 6.821450416537508943e+00 1.030647592689645231e+00 9.124801489723784798e+00 8.174690342847217295e+00 -1.255774041579999967e+01
2.876264111179720473e+00 1.531395224042985115e+00 7.346404649007530985e+00 3.152796866690680488e+00 3.408378476042517313e-01 2.752726973347604300e+00 9.135782465004080422e+00 8.826289508026913921e+00 9.280034720590794706e+00 3.451448690939913355e+00 -8.339508485810000593e+00
2.434936352948779970e+00 2.711565134554438927e+00 6.251512696379269762e+00 8.572720076540942813e+00 2.813781399538162198e-01 3.825589876730968175e+00 7.799551373108652541e+00 8.795503052161183888e+00 6.550923648554690892e+00 5.212871533053609063e-02 1.145513545999999963e+02
2.388580524404861016e+00 8.610174926266601858e+00 6.268703114916352348e+00 4.080001824912351083e+00 8.292609700184833343e+00 1.499729442271325874e+00 8.134551555463929162e+00 7.373208879264101512e+00 4.845281455412346894e+00 2.949530204955586044e-02 8.881970947920000015e+01
1.472602309399430043e+00 8.177366721823176476e+00 6.079876491490733059e+00 4.589506949306830563e+00 2.942172860300117598e+00 7.829853567735636233e+00 7.775676477175138324e+00 2.355642645031005067e+00 9.860998453409150599e+00 7.318181729410455638e-02 6.298511383730000190e+00
8.417364499587391080e+00 7.690397332416107901e+00 2.740271561664546773e+00 2.509298793347056744e+00 7.583767722844102721e+00 6.985505922513047139e+00 8.132967076920770921e+00 4.974576463333705512e+00 5.643809203312165401e+00 6.819736174498491899e-02 4.257084537719999950e+00
7.979139601772001988e+00 3.875432614937005305e+00 9.058420570501585445e+00 6.080672727222631302e+00 4.839563739534026077e+00 4.879729470714696760e+00 7.239656670006892725e+00 5.426307290992427035e-01 8.809490248051098149e+00 3.315566853322833296e+00 -2.181817543609999888e+01
1.727632638775244978e-01 7.916571447836552977e+00 1.747681695454291750e+00 7.535349550950724229e+00 3.776912658813313950e+00 6.878078044307500694e-01 8.374921940984126678e+00 5.402425604504129453e+00 8.411389455136715654e+00 6.039280179538919491e-02 5.138380179199999986e+01
8.266233500946869484e+00 7.126563275088093619e-01 6.203325217360383448e+00 4.557581183091619081e-01 2.788355212488262680e+00 6.141819866332017597e+00 4.926682494968402715e+00 2.830930795121453514e+00 8.505132674750912614e+00 8.530147041426037191e+00 2.252827862559999783e+00
6.069772114046973144e+00 9.320193213751341688e+00 5.333898483516414935e+00 9.068621658007398167e+00 6.254216307182950629e+00 6.523396532069134501e+00 9.263022232389801047e+00 7.987967054817830537e+00 7.100753592787781621e+00 5.817444081246403442e-02 2.983112209500000134e+01
9.720869425536504238e+00 9.488891117717820123e+00 9.793279905460277490e+00 1.893480886319275358e+00 9.955622421966548785e+00 6.157228734942067128e+00 8.842846009200108881e+00 8.431534049081412796e-01 5.707860240680578734e+00 1.564585877522295387e-01 -7.104662041209999757e+01
4.721024189954659001e+00 8.580625003895082870e+00 2.529109068196260246e+00 5.696822222921211321e+00 5.585598186644090468e+00 4.844911649412489751e+00 9.859423787294490538e+00 1.707433248527191472e+00 9.492171476436237043e+00 1.143793663098557900e-01 -4.575641097649999978e+01
2.642755167132730065e+00 7.999122119339237891e+00 6.999514544621749934e+00 2.722609933956154915e+00 8.038345121403326132e+00 9.997478338929525421e+00 9.984371370892414888e+00 4.766154387928404290e+00 8.348652775119298042e+00 9.755296851751471543e-02 -1.756050943429999833e+01
6.319097410878317334e+00 2.997210759460413598e+00 2.300275447264122697e+00 1.782320835545654347e+00 3.470243936761622017e+00 5.635842029505472084e+00 8.019554152106824318e+00 8.039117828977978775e+00 5.959726514066090886e+00 5.749337752052108286e-02 7.781954291419999947e+01
8.382992483386816573e+00 7.952848095801528849e+00 9.631132451222228497e+00 4.814592592002164828e-01 1.988801137234204042e+00 7.710110839339503030e+00 3.584614548554871938e+00 9.948193081879450617e+00 8.138313352101299358e+00 6.583045128303909088e+00 -2.084025481440000149e+01
1.228494770513917089e+00 8.436956468433722378e+00 7.144771641058870415e+00 9.114206601716315248e+00 5.800794745575041489e+00 8.539376095915862663e-01 7.042915002498112642e+00 6.993368957829534160e+00 4.019934215972202018e+00 6.615384743194341333e-02 4.292235031339999729e+00
3.203477711618384127e+00 9.153681548925749922e+00 7.396260114467006375e+00 5.316325825371603919e-01 6.688691697928520696e+00 4.288114647947912417e+00 7.405602101884785959e+00 8.871336380288436629e+00 5.058146460573870407e+00 6.364147104788941967e-02 2.465012457219999931e+01
1.104170661903720596e+00 1.532044098228864115e+00 3.343890023469140438e+00 8.651093296163212543e+00 1.948217279925410494e+00 9.664866577198091946e+00 7.404469502523388869e+00 5.363803713611582147e+00 5.446041116806065396e+00 6.264162049504640173e-02 6.432754187730000695e+01
1.979013325696998837e+00 4.199357020124105055e+00 8.620589862626143685e+00 3.494845744729243364e+00 3.461860562198182389e+00 7.991368437160602411e+00 4.491643528257011297e+00 8.287420927546923721e+00 3.739388648299661888e+00 6.408295389127349750e-02 6.370620666439999980e+01
5.801452293600617427e-01 8.225484207972247219e+00 2.565574947796434024e-01 2.955781062279765337e+00 2.609907777186491806e+00 8.457725815710105621e+00 9.164081686537791427e+00 8.610737062265901187e+00 6.069628264242314053e+00 1.630973155483783632e-01 -3.894026494319999898e+01
5.402432211913498428e+00 8.488340755056816178e+00 8.420753952644840723e+00 3.807297016892970731e+00 1.183881987896688859e+00 5.045132306408839362e-01 8.010382674095772870e-01 7.284058518365029045e+00 6.139063302622012053e+00 1.079504221545770637e+00 1.332665887499999968e+01
3.973209568533080382e+00 3.152435357810778882e+00 7.065479074662295744e+00 1.064867765063389760e+00 8.317439987474235963e+00 2.869719725315523995e+00 1.179575882809165144e+00 9.197691464803737560e+00 6.496152769917856951e+00 5.248110245871723478e+00 6.094278834949999890e+00
1.351265568964188368e-01 8.540394940540609880e+00 7.017848630745312732e+00 7.986049882594450366e+00 5.341044223594565210e+00 9.070126102024071102e+00 8.786030503794894031e+00 3.570482907302920950e+00 9.951901320168708764e+00 1.025993246579226525e-01 -1.662582429369999915e+01
8.392079286940790084e+00 8.425523785011883149e+00 5.232427221464987177e+00 5.205207936964018955e+00 9.343274142439966568e+00 2.150802789843312190e+00 9.107641242922388969e+00 9.069415618419119696e+00 4.720188856088993745e+00 1.120045741588704402e-01 -2.856751566539999843e+01
5.350286273837982165e+00 8.515185308966014333e+00 3.178933813589480906e+00 8.380182708234242384e+00 4.381161196911143918e+00 9.201433438670003628e-01 3.396031207846039734e-02 8.265486424212905803e+00 5.994073232956386832e+00 6.464462376022649615e+00 1.540809483760000020e+01
2.329446752860167891e+00 8.491973300307662953e+00 8.662022943157419164e+00 1.814882291220493160e+00 4.922066490891130464e+00 1.343227772242209239e+00 6.252281741183515429e+00 7.729877697304975648e+00 5.633568369215003813e+00 1.253532834101356297e-01 -2.829855468749999936e+00
5.291616381156039051e-01 7.007408017197699124e+00 8.210317347706286739e+00 3.102958478996095337e+00 4.132906698467802009e+00 2.976252073769311224e+00 7.434629460254927658e+00 8.864254377295555098e-01 5.297592270477506027e+00 7.183361897865385259e+00 -4.851417877139999746e+01
6.315710128969516113e+00 8.514350224843642678e+00 8.186384569435499969e+00 3.099095297674367977e+00 7.377889779646373825e-01 7.298747552561412277e+00 7.694832905176541615e+00 9.454621134596878917e+00 1.889081483609558187e+00 1.201227143843053291e-01 -4.489775802039999775e+01
8.153645041188953613e+00 8.493575938641557244e+00 8.296273036416740965e+00 5.565667930433572330e+00 2.747575505012601838e+00 6.312400466203805571e+00 8.012596180058118023e+00 3.972699627139672174e+00 7.427759541602181770e+00 1.348560346095550866e-01 -2.365474476809999871e+01
4.905511089820508097e+00 4.185776903178620501e+00 7.591978316113571879e+00 2.262775977792435000e+00 8.437334265554385926e-01 9.196688038242701424e+00 6.313586373148753594e+00 7.023996516945961943e+00 2.222386393180053599e+00 6.531637817488222808e-02 1.197468762729999980e+01
2.376473031498650634e+00 8.501945733243799097e+00 1.562236356299546713e+00 3.177707765639059545e-01 3.585670951175790044e-01 2.369660119382892560e+00 9.932131392773971612e+00 3.951980752860254853e+00 6.347259473550042941e+00 9.467892040031122836e-01 -7.717392786640000679e+01
6.692609425122365785e+00 8.514478530293400738e+00 2.710012921765803107e-01 8.232418104632920119e+00 1.896457527539955334e+00 9.334536708282623607e+00 6.052407392114378837e+00 2.105116863646088188e+00 2.353195343180586541e+00 2.690153028586647288e+00 -5.256412233639999698e+01
9.573573730881376420e+00 8.428784887735220721e+00 8.800683590485881780e+00 9.413609446141913750e+00 5.091760094953484028e+00 1.360641635226486068e+00 6.082642424279308457e+00 4.879383835546271087e+00 8.133088675456702887e+00 9.112839282301937516e+00 -4.701084690540000111e+01
7.495646044815790887e+00 9.160118541257817881e+00 1.459160326923397699e+00 7.447849567068915100e+00 9.820356977576574664e+00 6.010495155154019997e+00 9.852369391103788843e+00 8.052358782627024425e+00 7.219654208974962906e+00 5.662970998116745314e-02 3.060582833329999985e+01
5.171080393014828580e+00 9.464602834740707848e+00 8.377058239890219582e+00 6.995072036910021662e-01 2.163533975769427187e-01 4.987159111085915697e+00 4.490929362449219475e+00 8.572907926991851113e+00 1.713022374611797849e+00 8.122019306572303421e-03 2.544060595359999866e+02
5.633119369235306539e-01 9.425415135375507347e+00 9.993041142850374925e+00 1.005048014391172195e+00 1.957260278999783942e-02 5.915460197874372383e+00 1.413787395351552290e+00 5.033610075803157002e+00 8.287091901412690476e+00 6.393671114087395857e-02 2.375724271429999988e+02
3.599149970184523095e-01 9.710126423430446962e+00 1.738144353698931610e+00 2.486208106219738312e+00 3.924673406936283193e+00 4.703411939118797847e+00 2.606033455790285558e+00 5.268120838300685449e+00 7.448306514661795497e+00 6.465770227749967347e-02 1.398609200530000010e+02
8.099455513873165202e+00 8.884860897126458212e+00 5.576188544390174862e+00 5.438785572975925575e+00 1.507340699050130350e-01 3.874368553469983212e+00 6.982601469251472182e+00 9.292031063689720760e-01 1.229973603120274595e+00 2.056881557536138772e-02 -3.512300937029999659e+01
3.153672828594350719e+00 7.833478287205279500e+00 7.674255571109851459e+00 8.928198176615229187e+00 4.583233801689292619e+00 3.000217658557768896e+00 2.800274500346012552e+00 8.877052861795505123e+00 2.528947116753927027e+00 3.729618848908348383e+00 -1.761038746190000026e+01
2.806912599991679080e+00 8.951967773663087158e+00 5.132142330443504541e+00 8.943162809859551032e+00 4.162621376455333255e-01 7.308230431398039073e+00 1.405627859134211954e+00 4.784424494499184277e-01 4.847072139827490744e-02 1.930010540835969124e-02 -8.747937389829999688e+00
7.327111670131795762e+00 9.400602267565011161e+00 6.728393645053699856e+00 7.415063010921350894e+00 3.624844531101361067e+00 8.630008083863302204e+00 4.519979526787323287e+00 7.813707329652020306e+00 2.110387939317068806e+00 3.289973601835693984e-02 4.824268573060000165e+01
4.127204628416636822e+00 9.383360833792822930e+00 9.839347524322690219e+00 2.011189400971418184e+00 8.650062625849514575e+00 1.678594397926036486e+00 6.037607338395531542e+00 3.324907345391117985e+00 9.640907917614738309e-01 2.138946491808013661e-02 -2.082914853959999846e+01
8.479754355291889922e+00 9.418500490944065717e+00 6.836142545946244375e+00 7.345032174475299769e+00 2.176199860662684227e+00 9.375007688870814704e+00 4.711699986226673076e+00 1.468741338725911838e+00 4.862902763258258432e+00 3.951593251573015664e-02 3.037783186169999894e+01
3.144770047436572291e+00 8.640088311175524893e+00 5.071184162804226681e+00 2.398193077679593443e+00 7.303164933790018409e-01 6.523556228865301510e-01 1.781243332223307885e+00 6.866961511365120785e+00 1.485643741259978778e-01 9.118329627958910777e+00 -1.321284786780000076e+01
3.502035160591586482e+00 9.438856212714766158e+00 9.821649001197837237e+00 9.659280826241525730e+00 9.644815974869194619e+00 9.936766137127806431e+00 8.652884005940521206e+00 4.045835641592799625e+00 7.946055923919480790e+00 1.317663139869806876e-02 3.343875848810000093e+02
8.389418629986609588e+00 3.308661653035260830e+00 6.240342879872455839e+00 6.476076088225243055e+00 3.570451958991498476e+00 9.495385488515891481e+00 9.487390952970820024e-01 1.607675697800747816e+00 7.457736335957010354e+00 8.302450929970925486e+00 2.990184945629999813e+00
8.220133101874353088e+00 2.340009160359163509e+00 8.463312775259515419e+00 7.315762712121558486e+00 6.007342710756895521e+00 8.318341483719137841e+00 9.262472930754020339e+00 4.757897032021152217e-01 8.080125707532392454e+00 1.593336362911590420e-02 9.965280800310000586e+01
7.406149534336599061e+00 8.950558129899359727e+00 3.087201311020103311e+00 4.968847372768800064e+00 9.766621845562919901e+00 5.963818494655503955e+00 2.429186621974144256e-01 1.644655275065872724e+00 4.996124891626607667e-01 1.133814094665952510e-02 1.199712645519999938e+02
8.944256183453164866e+00 9.418675028988719333e+00 9.690368503885393281e+00 9.851979222437815764e+00 3.240055834577705518e+00 1.995893638882301202e+00 8.995516813899097741e+00 2.987128485856632487e+00 9.755562995912830715e+00 1.342730782901480069e-02 3.373925342939999723e+02
8.114433773932445249e+00 9.281860331536726960e+00 1.133685130145679620e+00 9.611712494400027396e+00 8.199525638862454002e+00 3.914880654164309970e+00 1.909428514270078425e+00 7.036101740556323314e+00 2.701470172358898303e+00 1.539832077311897862e-02 3.208570366679999779e+02
7.476471573414663396e+00 6.651642539577402147e+00 1.389643876278433554e+00 5.159473830304444952e+00 2.383996451687087070e-01 5.514137660969405275e+00 8.714403199434783698e-01 1.925378495667343648e+00 4.599035838413445543e-01 1.563157395302217090e-02 4.207165860500000321e+01
2.804724778577769584e+00 4.069551593468916373e+00 2.714229027728487509e-01 4.459002952959069788e+00 9.275875652264431892e+00 6.849121726137108457e-01 9.850716429557799358e+00 7.908190580880136711e-01 9.409991740296467455e+00 1.471756339150531723e-02 1.395713342980000107e+02
3.322680939588160687e+00 8.998675103501705408e+00 9.942344895268928617e-01 9.571943077889725870e+00 6.226231044013708527e+00 7.170293469727738511e+00 4.012135482138690534e+00 7.420074896943427589e+00 7.035463517431905345e+00 1.538240725661110808e-02 5.874497734550000132e+02
5.615894904783544916e+00 5.332650747954930104e+00 4.417743263394740438e+00 7.266904404739438661e+00 6.120792769719366255e+00 8.385974344450149331e+00 6.743282741623436216e+00 7.444038335115718219e+00 4.399545782127662896e+00 1.300920866715071789e-02 3.248470183420000126e+02
5.788300837382620578e-01 9.534785176634463788e-01 6.201428259776486929e-01 6.506842305269739946e+00 7.699153190271776026e+00 7.250894915911874961e+00 8.565357523997343847e+00 7.467136571821941793e-01 6.252081627400446706e+00 8.810698866691391018e-03 2.048970189460000029e+02
2.556157269927825659e+00 4.145805074931576684e+00 9.189116567798816249e-01 7.758697151101610956e+00 4.746751462059735083e+00 2.391964983284025070e+00 2.147585458921511758e+00 1.437262570527456651e+00 4.684696528670944105e+00 1.427937482469610053e-02 2.723365880399999810e+02
6.754484979082975293e-01 4.751617662988064872e+00 4.791327731335800699e+00 9.205821823715590213e+00 8.336967246463224512e+00 2.968145981230647656e+00 8.700364861340414979e-01 7.270174763599255741e+00 4.428134959061255316e+00 1.533088694747664071e-02 8.336462191030000213e+02
3.462176695015013461e+00 7.688066105665639860e+00 8.963508077981117594e+00 6.737409412145367593e-01 1.411061930164524414e+00 6.704167336672623989e+00 3.527655092766019962e+00 1.840697092961509629e+00 2.971984767368622826e+00 1.536915576570874187e-02 1.181944000059999951e+02
1.809173330275116731e+00 9.754812661281334840e+00 8.417233960842372298e+00 5.349029872269845498e+00 2.695911850533851073e+00 9.054924985915222990e+00 7.860947937474871416e-01 5.781060542462387986e+00 2.970475811042934122e+00 1.497200641362828044e-02 5.363602869769999870e+02
6.918555695502086600e+00 3.545861030293713245e+00 8.863901305867909031e+00 1.708283081942874038e+00 2.742238565421928342e-01 5.847983638871328438e+00 5.140597074311905601e+00 4.075628951856121951e+00 2.909426207732053182e+00 7.231352546414687943e+00 -2.087743055110000157e+01
3.690212601447651064e-01 6.651246302785014386e+00 2.270171706401674427e+00 3.238440742388752014e+00 3.890689016271316802e+00 1.848986857453154276e+00 5.578837061328289160e+00 3.822058138254319282e+00 8.696869949436564440e+00 1.293502581884320435e-02 5.212625715000000355e+02
6.390118736109823061e+00 5.318946015449418141e+00 6.731409449324138095e+00 2.018457175537862192e+00 4.414347919683790700e+00 6.816724720572405971e+00 9.745622412040400029e-01 2.239374074849430407e+00 3.492508873813497949e+00 1.534794080530477167e-02 3.415241013589999852e+02
1.515495669311532900e+00 4.491892761120963584e-01 7.048354544414773493e+00 2.424642238686436357e-02 8.889527781791636940e+00 9.001371206561707083e+00 2.240602872745329766e+00 1.223467043615790173e+00 5.915532558745164593e+00 7.387840144430501965e-03 5.959759882150000294e+02
1.865441624313567415e+00 4.481380676936919105e-01 6.339856612611260545e+00 8.326132794759557143e+00 5.120108195664295536e+00 7.514773864759357380e+00 9.705433653247467873e+00 7.943602010572993422e+00 2.480320846020989123e-01 5.205736217973599977e-03 4.058788159019999853e+01
9.599424996572258451e+00 5.387038410537089206e+00 1.062305986463485397e+00 6.758108312943926776e+00 3.777719632180881248e+00 3.754893853454146502e+00 4.281680286987134210e+00 3.236677619725676358e+00 8.810068736623097863e+00 2.387096416379528296e+00 -1.645616697040000176e+01
1.578602335588238370e+00 7.786545939546662076e+00 1.961712956088000892e+00 7.020662384479096296e+00 8.212523685821555119e+00 2.043499040488181429e+00 8.947024357446153431e+00 5.297399114026134725e+00 1.122287887570283527e-01 1.542525008326078861e-02 -5.959559040260000273e+01
6.576502119635185828e-01 3.615218219548272938e+00 3.600862855681242536e+00 8.771721588031786254e+00 2.259320350214847117e+00 6.227822711852912363e+00 5.814549503270614927e+00 9.996527581922880046e+00 1.512872739385053844e+00 1.464431121968035043e-03 1.335871549290000075e+03
9.172221935723211317e+00 3.658647113362032410e+00 1.046772222115603945e+00 2.187947063789469127e+00 6.491557988975241500e+00 8.957064510154694403e+00 4.981886215628853698e+00 9.692050239854165028e+00 3.518192159017075049e-01 6.952592669808854708e-03 5.323158945050000312e+01
4.342222664696143930e+00 3.485719092117073536e+00 4.944366687239288183e+00 2.803807101875902319e+00 9.259816171049534361e+00 5.718776550617543641e-01 7.194587600742149647e+00 1.527496820440142899e+00 2.139889543894633039e+00 3.931797607770120884e+00 -2.194704983389999953e+01
9.528973616918754885e+00 1.710302925765339044e-01 8.199017686480287281e+00 8.442492576191881426e+00 4.085691632106796867e+00 9.247420487276009737e+00 7.189829560502605688e+00 9.850262279436369894e+00 1.856792147717944985e-02 1.220368894969459106e-02 3.075494486529999794e+00
9.341070673927378110e+00 6.211165775255463650e+00 7.802496731248976580e+00 7.317746764251666924e+00 4.092417409709248055e-01 7.216750183929107720e+00 9.945881511204968106e-01 9.848435167068720020e+00 6.031052633784117489e-02 6.784430917350370294e-04 2.797976389140000038e+02
3.155209122385199905e+00 2.695651417001029060e+00 8.581695141928220139e+00 4.701862615288315617e+00 9.669001927300186594e+00 5.460650689846771932e+00 5.983592945594962131e+00 9.961295560207037880e+00 6.440204870330939357e+00 1.580031360352007752e-03 5.152637422099999640e+03
2.058253515541730305e-01 8.784612843818070615e+00 2.396662733491999653e+00 3.001809644387609666e-01 2.163799367734560164e+00 3.611775940770567406e+00 8.273357760452485721e+00 9.977630212316173086e+00 3.160731734855342978e+00 1.634297971894898005e+00 -6.677718096610000487e+01
4.685597585754713634e+00 3.882816134231248384e-01 9.723379187058327489e+00 6.741282749118654216e+00 7.687443674014328820e+00 8.755790009133965768e+00 7.930193144549528839e+00 9.467037497244920274e+00 2.201685969817982702e+00 2.341364455292760383e-03 1.030301015719999896e+03
3.477572528405294960e+00 5.722888561328587365e-01 7.558338168044709704e+00 7.554133441616373013e-01 8.963044350970172935e-02 7.193998406853517658e+00 8.379173679026671095e+00 7.121459962091440943e+00 4.659044384921101845e+00 1.305742048062219496e-03 3.289417387550000058e+03
3.395355257890431133e-01 9.023422109480943476e+00 7.649570179786229218e+00 3.949142110071117706e+00 9.495851433842483758e-01 3.184427540494574327e+00 2.059847972459027954e-01 8.765000584393463967e+00 6.217275617267424614e+00 1.244162676744542395e-03 3.260231936209999913e+04
3.844656344388392988e+00 5.844278361137091871e+00 9.844284928663730838e+00 5.090816095978691003e+00 4.816199396544566191e+00 4.730403007987151298e+00 4.147961017876381717e+00 1.898528373841844585e+00 2.219304078291839399e-01 2.727037914374008665e-05 5.543950131669999791e+03
9.279112708301379797e+00 3.103387749226892645e+00 8.982686671182843696e+00 7.198040437182051221e+00 1.799155645895023081e+00 2.996028867638296234e+00 8.785734189571682506e+00 1.090089390113920809e+00 7.561531112786779474e+00 1.013691971475383369e-03 2.605462751940000089e+03
9.910996233340285677e-01 8.187396848538890382e+00 8.208056787307738134e-01 5.923362113848274824e+00 1.150228536453280492e+00 2.517133565874081214e+00 6.016484021874617838e+00 9.316386534389399898e+00 3.274013309911678604e+00 1.429664943486397277e-04 2.844364210140000068e+04
1.228509687379327753e+00 1.608984688205363778e+00 8.353402335804158696e+00 2.372505389923188268e+00 7.016935288820519645e+00 1.085863811847325167e+00 7.980453580653684931e+00 8.962024155307682705e+00 3.362814055119451861e+00 7.144178637852592217e+00 -9.278112086260000169e+00
3.580755864538129885e+00 3.424322126984469250e+00 7.614831993600812421e-01 7.161373352184595475e+00 4.656652027473603184e+00 5.359152709901522371e+00 8.038773550591926664e-01 3.380629657802647348e-01 2.726976733473407410e-01 9.684679952894338584e+00 1.058671017690000049e+00
9.731643920707060857e+00 9.188806064221150649e+00 4.861020321941305511e+00 1.202583478410679252e+00 1.852889238667193572e+00 7.233651146219250094e+00 4.205673215639466278e+00 7.409033701557614648e+00 2.137748415115568790e+00 9.815813346880641888e-04 2.857059251910000057e+03
1.146631681759044952e+00 6.331025495550486326e+00 8.768379715928020346e+00 2.221940662131617117e+00 2.986506700182915974e+00 8.583188716902279580e+00 7.086589959222862944e+00 1.727137477294259371e+00 9.121476044686216422e-01 1.250267204735422411e-03 3.181099891060000004e+02
2.514444594383312470e+00 9.577254540308347330e+00 6.540929062152203599e+00 8.383585923342010915e+00 2.200911994079465472e+00 9.881416345423909675e+00 7.741415367888654586e+00 8.819356542042761760e+00 1.134680093846680560e+00 1.115859788163309219e-03 1.013033949099999973e+03
9.651244288713967112e-01 1.810308508884932444e+00 6.514989977089927997e+00 4.450459056579281203e+00 8.345827626555774259e+00 1.554245369028217638e-01 6.783685820509952613e+00 9.803707156751441332e+00 8.222116669987237003e+00 6.942596062908812371e-04 1.423056492339999932e+04
3.020870068114323015e-01 2.241935852093194015e+00 2.885094888925983980e+00 7.970901204314234434e+00 2.627203980308319142e+00 6.315653182114255415e+00 4.389249870391365160e-01 6.957654253278144907e-01 7.111692743850184684e+00 7.916099576676938199e-04 1.129876524780000000e+04
6.730864732414058693e+00 1.150480996407321488e+00 6.727605362806039935e+00 8.836660622800669884e+00 9.270953292148031988e-01 9.851860464245712379e+00 8.655008078015443473e+00 4.128169406300376210e+00 9.119650691481455240e+00 6.647919945462831492e+00 -6.302091990500000129e+00
3.646740453217712563e+00 9.459748853572687466e+00 1.297730344487343368e+00 7.602352727348858252e+00 3.108716898594376943e-01 1.349896602753153374e+00 1.284200272794349118e+00 8.333675667261674747e+00 9.768638507227178636e+00 1.313071276265453946e-05 1.914217298870000057e+06
9.253392657123180598e+00 6.360129732316595508e+00 3.908298945726126128e+00 3.208540123704649361e+00 4.224047363337653849e+00 4.991568981593468735e+00 6.941068818996565248e-01 6.266382746231612622e+00 9.175430923041561826e+00 1.496968028313894195e-05 1.837934370859999908e+06
3.744959294991647702e+00 5.204070309983684695e+00 6.388315978983738930e+00 5.911562222333353489e+00 2.540499006260924730e+00 7.203508613282521011e+00 2.539383746360690530e-01 9.985209230854298568e+00 1.825206228415645615e+00 5.984995907759582678e-05 1.907584263410000131e+05
2.211512698724178438e+00 9.701685059231728303e+00 8.565338108433909525e+00 2.479902277173904324e+00 1.768878701807904408e+00 8.976791162238566102e+00 9.881199885867799182e+00 5.165752768400536432e+00 8.918025266786592908e+00 2.390635956861508760e-05 2.685773154559999821e+05
8.569260082322879057e+00 6.201747365823102598e+00 1.431400362587978980e+00 9.092544182612543935e+00 5.284269889812601484e+00 5.090067832258101888e+00 3.171467121594415683e+00 4.594971654118515936e+00 9.868122734095569726e+00 1.860725569291510340e-05 6.251435234639999690e+05
2.086398906975066581e+00 9.083245819010398847e+00 8.255457927592017242e+00 9.920690742881223656e+00 7.250083046199025993e+00 4.679909668705800385e+00 5.387034501093531880e+00 1.841727084382047686e+00 7.978134457143976732e+00 4.468472489804753423e-06 1.166170563039999921e+06
1.665703848904215301e+00 3.798294591587763058e+00 8.713038845831080792e+00 8.801718252453840208e+00 1.128571906349645770e+00 8.761294724046267746e+00 7.272989244508649698e+00 3.050701518703796467e+00 7.794565452337240075e+00 1.642178655836268319e-05 3.154870390469999984e+05
4.864623952018087394e+00 4.957674214900137599e+00 4.012930174440665354e-01 9.017144763451044653e+00 9.776213239176373193e+00 8.288919628994090516e+00 7.987041379318979395e+00 2.966777492032912633e+00 1.050973147989264778e+00 9.607098869768293525e-06 6.401516519089999929e+04
3.344683994742866595e+00 7.230466947670186606e+00 3.359369634597897392e-01 5.502343132136012116e+00 3.163736215673115026e+00 6.891485407813291886e+00 1.696081498666540677e+00 4.612939548490904151e+00 1.884775474333845180e+00 6.418532771945706372e-06 5.180433782960000099e+05
8.756757552473082296e-01 5.249600162837824158e+00 9.894054613272617260e+00 2.976374366175171815e+00 1.885226849449573860e+00 6.125068512928956821e+00 4.122145171539970399e-02 5.960437358425110688e+00 4.729791316871828855e+00 5.655091383579832431e+00 1.334395844870000047e+01
3.851756590510522216e+00 7.882817595700951863e+00 5.028835479378447104e+00 3.963511943271087468e+00 3.466047660756310655e+00 7.538136754362000147e+00 7.649510631749621759e+00 2.211376360191275037e+00 3.054115110539121769e+00 6.961541478833765950e-06 2.345277437630000059e+05
2.611062382181538410e+00 1.447162383005995423e+00 6.500853673698927082e+00 9.467151672830153686e+00 4.427720103676383800e+00 7.033163025000687796e+00 7.637720511225236208e+00 7.266158406715184093e-02 8.142666331944596436e+00 1.861904548539072835e-05 4.179279934810000123e+04
5.588934461771083662e+00 2.898949804110364514e+00 6.104876639736065869e+00 4.284965968776199841e-01 8.592457580280461471e+00 5.602136729254310943e+00 8.198942457885962654e+00 6.196327112755234623e+00 3.856710172403686521e+00 8.892392630022172284e-06 3.725127353490000241e+05
3.682621589495994385e+00 6.547512928813899791e+00 3.029448477112988147e+00 1.122337483009266945e+00 1.393568570567336184e+00 1.428451337900425999e+00 1.462851068160304635e+00 9.298312465661977555e+00 3.854544713995122773e-01 1.097268645833260337e-05 8.834061456329999783e+04
3.363636957488389534e+00 7.694926669814172726e-01 3.460511793786094970e+00 9.760219156384541961e+00 2.483208718167545292e+00 8.764093421823950791e+00 4.188442603502652517e+00 1.748950083947461431e+00 4.640339140157951014e+00 9.350100933502858425e-06 3.331717187670000130e+05
8.931653670332847739e+00 8.474154218442349062e+00 8.614680452950572942e+00 5.086462625469515331e+00 4.077572659513258202e+00 8.450147923295229901e+00 1.309756560223138688e+00 9.667668222839315817e+00 9.931200160825294887e+00 1.513838459810123993e-05 1.798767410529999994e+06
4.916122703344462330e+00 5.285355942225311576e-01 7.527729133979549125e+00 9.235997252131056268e-01 5.229637251393378428e+00 2.151177570603024503e-01 7.333402017952698415e+00 9.176174344825692941e+00 1.814949186067208453e+00 3.218331457472215718e+00 2.668893473879999867e+00
8.991740960043714814e-01 9.871988069817822620e+00 2.705853443319875318e+00 5.088425663852414793e+00 6.042211756296743452e+00 7.543108881520979025e+00 8.649718262055328122e-01 4.308725274766076474e+00 5.140519823214852124e+00 3.485019545168555055e-06 3.824360862819999922e+06
5.411723659509873663e+00 9.955495035760336009e+00 2.149019481798051245e+00 1.822486479277588556e+00 6.179226273686248661e+00 6.596832827536388777e+00 8.237220979940689247e+00 1.559297847263102499e+00 4.809291397479638519e+00 2.058951750614659293e+00 -8.197881176299999595e+01
5.446871365968497525e-01 4.759892860885443611e+00 2.379834719361179296e+00 7.659407872649984128e+00 8.708210528889582136e+00 9.088023678240848113e+00 1.188561636488086881e+00 1.636580862679953841e+00 1.183442712645506045e+00 1.695877495766495713e-05 8.169042430420000164e+04
9.458704821027017928e+00 5.943034906495542558e+00 5.197562235018975407e+00 6.355486241360490673e+00 2.443953714087353291e+00 5.722048363690554140e+00 6.246871482233876449e+00 4.242388113263407590e+00 3.954536489553885925e+00 1.944214927940279836e-06 1.629411607640000060e+06
3.981054812992490533e-02 9.962381826864721290e+00 1.714583067093468083e+00 1.035678795918745232e+00 7.535869682753821408e+00 9.165991365222199150e+00 7.953076448256063635e+00 1.484182090631940287e+00 6.604692936530504710e+00 3.351376545307237720e+00 -7.343636377229999823e+01
3.091017860210412138e+00 1.766656441943283973e+00 6.811846951044206122e+00 3.944411155890908738e+00 8.489729351915300981e+00 8.372953930712650816e+00 9.667524916846904404e+00 3.393492737637955337e+00 5.765783830226883566e+00 4.564881227242523209e-05 7.424769007900000724e+04
2.074081538563502747e+00 6.434616724135856280e+00 8.306687758572760316e+00 6.215157859514082617e+00 6.349163433897331288e+00 6.344934693433938122e+00 3.584708595766609385e+00 4.999640991069629337e+00 3.823342223357672154e+00 3.735875369059726836e-06 1.128804747690000106e+06
5.134691295421156543e-01 5.900721840187426182e+00 6.602208744768790716e+00 6.121831508788000420e+00 2.256898204114259343e+00 4.164652923242478266e+00 6.142936540158689063e+00 8.048367106269372684e+00 8.862908959534980369e+00 1.384211932853318672e-05 7.245950451759999851e+05
1.874328787815175978e+00 8.384022025961623825e-01 6.593628467842038710e+00 4.370996131760729320e-02 4.520332115792467853e+00 4.897869977222608640e+00 1.493582508288202604e+00 9.180246793324258192e+00 8.488050367991785805e+00 1.956164966343543199e-05 1.052184757370000007e+06
9.586631155749913091e+00 7.448502842804329838e+00 1.409904155980139517e+00 2.076668929053045787e+00 4.385112737144961415e+00 6.523079689058275399e-01 8.633843952154627743e+00 3.894116238999964175e+00 2.272914914098607131e+00 1.455626192914394323e-06 1.526396556510000024e+06
4.552386149683088412e+00 5.944663581381780304e+00 6.461320013700190046e+00 5.483685087027908800e+00 6.494886778963423701e+00 8.867175804986791476e+00 1.987146919264983769e+00 3.512111059873734842e+00 9.934721023153555208e+00 1.673162619009183061e-05 7.769129702820000239e+05
9.227902370105200092e+00 5.795898149048800185e+00 8.712336367739645482e+00 6.280407007145542231e+00 4.582490058046044368e+00 9.407040822653598866e+00 2.601585168103350831e+00 2.608673989949983341e+00 1.816146600830271796e+00 8.606040000636028253e-06 2.020592051440000068e+05
8.452497234118963476e+00 8.732220922852528489e+00 5.618297730462876949e+00 6.593106376205661867e+00 9.838724622232891903e+00 5.406779709498973574e+00 8.054374714411327574e-01 3.781746254382475136e+00 1.565833418250353049e+00 8.606548120848600547e-06 3.769911431560000055e+05
8.994167168300208459e+00 6.689314445695605293e+00 5.720418132530324939e+00 8.370408347310862140e+00 1.663214001435208145e+00 3.365049810273001984e-01 4.878426637797401710e+00 5.847149641981617130e+00 9.055959910139719682e+00 2.316171799687793964e-05 4.310302056790000061e+05
7.557732297236699814e+00 4.063187628531195195e-01 7.845310360790761273e+00 8.535754625467362189e-01 9.624305779250033055e+00 7.217521278763728176e+00 8.632048314860119476e+00 9.418855640126977402e-01 9.523568991467035616e+00 1.008633360277677582e-05 3.145903520879999851e+05
4.131373093278723374e+00 8.646951072568597851e+00 9.516822469764496972e+00 7.746935584657435925e+00 4.326838892498596767e-01 5.953598112764550976e+00 5.888934130678691314e-01 2.850776189816941475e+00 1.399868452833022969e+00 4.233141478460211715e-06 7.700081764080000576e+05
8.364539894381374907e+00 2.205564577402704174e+00 3.544295246186370818e+00 8.000063632503058741e+00 7.794265050410917439e+00 9.535212049071105866e+00 2.724579362388799275e+00 4.556241736359250005e+00 3.659119098316839569e+00 3.092362570455975401e-06 1.577271294530000072e+06
5.152353221978439812e+00 7.545873955598433547e+00 5.640840444939520637e+00 6.429838529953345372e+00 5.987090683147667569e+00 8.520374643226734435e+00 9.406982193292748207e+00 6.045747679202539082e+00 8.269718361509697857e+00 6.473450173682948616e-06 1.104875532660000026e+06
6.242963144710039991e+00 8.943948900626551790e+00 2.911926620662864451e+00 6.749361986952893133e+00 2.468185672035573042e+00 9.423135397921573286e+00 2.078453930269087202e+00 7.715464006628324434e+00 4.535843473097803447e+00 1.624082599627207912e-05 5.461819152189999586e+05
4.093504874982013320e+00 6.614960415992394260e+00 4.104734545627519715e-01 9.707927235923952125e-02 7.099941100790489124e+00 2.280738025642476963e+00 5.638796152104841308e-01 7.810959656536107687e+00 2.597314496094251801e+00 7.640757296867306536e-06 1.208351242439999944e+06
9.756084205053603853e+00 5.277724825594218849e+00 1.975885211583163770e+00 8.126186874511938996e+00 9.612235477581602794e+00 8.084517365103245368e+00 7.088747028692544916e+00 8.898070894173521594e+00 9.726647790717335429e-01 1.311764792455427653e-05 8.378893918070000655e+04
8.131963692574590397e+00 8.501418715975603391e+00 8.435397778445580030e+00 7.619951460721585690e-02 7.080538295096451051e+00 9.233436932446014822e+00 7.583795914880184341e+00 9.409070070447842937e+00 2.661604193020226994e+00 2.283356282655372382e+00 -5.770174139769999755e+01
8.106933370640241776e+00 6.080479813498450348e+00 5.976313497672345321e+00 6.980289019346956891e+00 1.517352212740230577e+00 3.456612569570879145e+00 3.441867903345494639e+00 7.439351996555645385e+00 8.186940131475136440e+00 9.933260508576680081e-06 1.203611526800000109e+06
4.481236616036689213e+00 2.100645214512322223e+00 7.232708184741809543e-01 1.430346585409607574e+00 9.758819887203085131e+00 6.316882717403158765e+00 1.319505400192783062e+00 2.959271701981288416e+00 4.268477763048361684e-01 7.616535815380132135e-06 7.991145267499999318e+04
5.924026866419617399e+00 8.602006943035153341e+00 5.476411815231060132e+00 5.692559387010409644e-02 6.878409674113129313e+00 8.665860780901649463e+00 7.784998120986901249e+00 9.472893641057602565e+00 3.255475627813264605e-01 5.687910386148580244e+00 -6.196065160389999704e+01
7.820702411129615506e+00 1.927445282145262562e+00 9.148827449301787595e+00 8.997923752639785278e+00 9.400319162393037331e+00 2.133411853577747763e+00 8.445978410702787542e+00 1.356126690689600789e+00 7.788453447288926412e+00 9.608165535412993563e-06 3.120747962820000248e+05
1.067045559434622870e+00 8.589400272594930996e+00 4.199338198207219541e+00 4.275618076191895156e+00 4.252267878145016056e+00 7.552858631181243787e+00 3.684784993243528373e-01 7.298381871792244624e+00 4.255015907947131915e+00 3.677849792493859127e-06 4.734221072780000046e+06
4.092892782140394203e+00 6.520532841987259687e+00 8.200021007092662018e+00 4.823130644086011998e+00 8.834779562701008615e+00 9.518566301877935842e+00 8.193342661005122096e+00 2.214059507989787345e+00 2.372163034775992330e+00 2.396962210192445930e+00 -3.937057777020000060e+01
8.092084135562616076e-02 3.485692875397783386e-01 8.987002703692104078e-01 7.220149797967728489e+00 6.260087449405503435e+00 5.570186030419705503e+00 4.255630581148541758e+00 3.157510683224105996e+00 4.466769763357708811e+00 1.220683697455982042e-06 3.847550702120000031e+06
1.398394083894197726e+00 5.499697920048108202e+00 7.914723788229171220e+00 2.894283563931832060e-01 8.180688093600281263e+00 5.415470426196925757e+00 6.369641153222593832e-01 1.409181148838613007e+00 6.716553650207192305e+00 2.221806283952965089e-05 4.541001612569999998e+05
8.014161099583382963e+00 8.413915340644162910e+00 9.504846898957787005e+00 8.568344807356396586e+00 7.117160188925820918e+00 2.328445410454356157e+00 4.512944141308558699e+00 1.451910602190813471e+00 1.392742476097915683e+00 5.324887979551995443e-05 1.487022910310000043e+04
5.234630640863215945e+00 7.002675831041232257e+00 8.798977058278277141e+00 6.815330448420809262e+00 5.887728762681271100e+00 7.981990983714815968e+00 9.328115735437489064e+00 5.588191805032288073e+00 4.486596879688055317e+00 3.497254723594522829e-06 1.157476300019999966e+06
9.828103598104370064e+00 7.712392607552583712e+00 2.674013712203380244e+00 5.794656099176883401e+00 7.921380059133177554e+00 9.488553705543447236e+00 5.428907418091821757e-01 3.827228532729265442e-01 9.962970489477241287e+00 8.098104445908305138e-06 1.045646545200000051e+06
6.884619323332159979e+00 6.018073337393945010e+00 9.940316236126941263e+00 4.880262338255807464e+00 6.824232386634384362e+00 8.827219172755251364e+00 3.413721265127672488e+00 8.834468721130047442e+00 6.624477683108135118e+00 1.558863359729656395e-05 6.660417490430000471e+05
9.619075410529958958e+00 2.506248177984872427e+00 3.287154204174437488e+00 8.470475052863319476e+00 7.890972753600933309e-01 4.014117356033445105e+00 7.755718526949618052e+00 2.980110585644342169e+00 6.027787823683732782e+00 4.192487811360834371e-06 9.341028390940000536e+05
3.403251157499290969e+00 5.513699391689846685e+00 3.967595230597521727e+00 7.699551071901487909e+00 9.537052647414625994e+00 7.786789395803977776e+00 4.227590608999126864e+00 3.888716239192770097e+00 1.238378203081251794e+00 4.703471283562521421e-06 2.375286331150000042e+05
3.303217571156424892e+00 6.844639775023505734e+00 4.836460193482954750e+00 8.504436710040572223e+00 5.327855551487066244e+00 9.093856969594858342e+00 4.853186812832507968e+00 9.033194902405071502e+00 4.643332718000040771e+00 8.212796830386892566e-06 7.918263356990000466e+05
6.805273256220915279e+00 9.833346613583621831e+00 4.461871770103575052e+00 1.057676295365329588e+00 9.785145530129717883e+00 3.110182315004983433e-01 2.382937449594116686e+00 3.442482274306328804e+00 6.793095475230176206e+00 9.132040776904659651e-06 9.071860115979999537e+05
8.076299272268087748e+00 4.024624153893396894e-01 8.187581522986848270e+00 4.401481177780319776e-01 3.882080067941895418e+00 3.899329144864911445e+00 1.728262004003030539e+00 1.488673417561336976e+00 1.612799210431742347e+00 2.378709206274365329e-06 7.484242614319999702e+05
6.530390428065889097e+00 2.643023909906616620e-01 9.602290405810418150e+00 8.221829519126030661e+00 5.789324955540767093e+00 6.954466176628677943e+00 3.903783724794345211e+00 5.822420812880143792e+00 8.361032081831398788e-01 1.817924112690327831e-05 5.672862208839999948e+04
2.069142196847839621e-02 4.291813345930179935e+00 2.350819084081371635e+00 8.033862972178507089e-01 7.848845395691666837e+00 6.111709733630581454e+00 9.119880336442481195e+00 9.127993122253437619e+00 1.442237649378168562e+00 1.045662678111902721e-05 1.442534556959999900e+05
6.834123377876395011e+00 6.740614278821955629e+00 6.543939790855157312e+00 5.886463727789978506e+00 1.603086762099020790e+00 4.469135952763293673e+00 5.190692929389766341e+00 1.412814883106688901e+00 6.641600203956100401e+00 8.863983288476262601e-06 3.849695175359999994e+05
9.589077863251500133e+00 8.195542570183288689e+00 6.017730002162746672e+00 3.026560783678005073e+00 4.036732881512752336e+00 1.934108283306493759e+00 6.361957828441978435e+00 1.133037970803455474e+00 4.465808052361698088e+00 7.441992311285616779e-07 1.884584183339999989e+06
4.620715371155104112e-01 7.314277262779448563e+00 2.047208255023119428e+00 6.756483529000698596e+00 4.494868255527475043e+00 3.797780856217056744e+00 4.406773812703058901e+00 5.557039584857246695e+00 8.521966528374203875e+00 2.133641665680308108e-05 4.556747658889999730e+05
6.956779096809117213e+00 8.370702447115590417e+00 9.668965055413448084e+00 1.774674724904385936e+00 7.024773066277674616e+00 8.507900769199359559e+00 7.812132943379722860e+00 8.165061537240193346e+00 3.722275465931113914e+00 1.351856646181204269e-05 2.717505253110000049e+05
6.382721717004367079e+00 7.231646135587240565e+00 3.220558231980087172e+00 3.660394858546064611e+00 5.602208568944550215e+00 4.379716632212103278e+00 3.241951720526152769e+00 1.412072761734798343e+00 8.396505168087774251e+00 1.956561111682297849e-05 2.770514937849999988e+05
5.617690688628323770e+00 8.589165505381814114e+00 6.278451407062900280e+00 4.633806606241498649e+00 7.569050849564213479e+00 4.992688166470116151e+00 7.157939324489972499e+00 8.639844124330275932e-01 1.725030438649968190e+00 5.211521585390954669e-06 1.197930054320000054e+05
8.044620381079317539e+00 9.537988941400255882e+00 3.436156679231627820e-01 1.695774567584948933e+00 6.453959953212580203e+00 4.055619289033486119e+00 2.010123121788129019e+00 5.498189488931560120e+00 6.461619909515833982e+00 1.397012700854460832e-05 7.633042529739999445e+05
3.066670386537508008e+00 5.486675795254481791e+00 1.236541597929778913e+00 1.583499060469520936e+00 2.959216656713345994e+00 6.470244669479788158e+00 4.343421995633653943e+00 5.704943465563654392e+00 9.659513293882914908e+00 2.976762233819485459e-05 3.689143546070000157e+05
3.303159614516102405e+00 7.317163177177244293e+00 6.029616373386035733e+00 1.221069521236193278e+00 4.563419459348655671e+00 6.397249736100759421e+00 7.654469085623584412e+00 5.786658143980191404e+00 1.247140058272753205e+00 3.959716076140651353e-06 2.710396650600000285e+05
1.067780097130788253e+00 6.621328505639835882e+00 1.558472433543494073e+00 6.527982912192208609e+00 2.065867647999847456e+00 4.841738956075899658e+00 4.543072816030562677e+00 1.540445547951274641e-01 5.032279299945995987e+00 6.109838096346464908e-05 1.516416079960000025e+04
2.878342229029748900e+00 3.046568506456546199e+00 4.847959573878648953e+00 9.692381962452103039e+00 3.510220167885775844e+00 4.573700896329058185e-01 8.044706808976947343e+00 6.022450445968237531e+00 2.248068480354736831e-01 1.863766520449061659e-05 1.021543290759999945e+04
5.256014995815753821e+00 9.936196623762178604e+00 5.769876385414455910e+00 4.545166662272030145e+00 7.235861186783852261e+00 4.874321779853815428e+00 9.187451067440704833e+00 9.642988783925483531e+00 9.524251822129276235e+00 7.565173343326847544e-06 1.219596004309999989e+06
7.702905093407814263e+00 5.318828907024548691e+00 7.822677344852789538e+00 6.818327554859959783e-01 6.598891200114158195e+00 8.074263108627427243e+00 1.783927645727411138e+00 4.487672100749061421e+00 2.166105867989803535e+00 5.353540530217415494e-05 6.361823207009999896e+04
4.337053767048226760e+00 3.185271570819339093e+00 1.854674496786932192e+00 2.671019543061211365e+00 7.801113552036763821e+00 9.505923712568309369e-02 4.587841922523791638e+00 9.209695978842574959e+00 7.801430158975007245e+00 1.918921971655329628e-05 5.817408602480000118e+05
3.510863669296338863e+00 2.421192784326279046e+00 6.753806657462373408e+00 8.622353287791028720e+00 1.955122305580476727e+00 2.478236847360275608e+00 6.176793782294742741e+00 1.331926178106417336e+00 4.301795303142228022e+00 6.545050503792282370e-06 2.853587853849999956e+05
3.096660633387962047e+00 9.390293696773889920e+00 8.437184481632746369e+00 8.218036701466443716e+00 6.818010150786406598e+00 8.570525057854052164e+00 3.437077522716047717e-01 8.746049599405838038e+00 3.014358437523506851e+00 7.530256853627292912e-06 1.900709042290000012e+06
4.490494738168320232e+00 5.221932991888127873e+00 9.697330464644666748e+00 4.065186425000494097e+00 2.240885006776252020e+00 1.776312719228978487e+00 3.609878114325748566e+00 9.688213821650418112e+00 2.475956146571560712e+00 2.245585833948737786e-06 2.028080072819999885e+06
5.137649772259434755e+00 5.203836565336504627e+00 8.463252561386875428e+00 9.145584373767412956e+00 6.125155030535522904e+00 4.187508956675848104e+00 9.522932371575153709e+00 4.509275888389229436e+00 5.241986040994719431e+00 5.475264873711083169e-06 7.213833836890000384e+05
9.098622204209263487e+00 7.443235267851928683e+00 8.460036998856113044e+00 8.614484205506082404e+00 9.571400641250567887e+00 8.498176940227194720e+00 6.770284884056576580e-01 9.295779828784414889e+00 6.640431732086392813e+00 2.051425138982487795e-05 1.171698636329999892e+06
3.018347089997651445e+00 3.089556522754900669e+00 2.621565651645084927e+00 9.880831042953435173e+00 3.800151789348318321e+00 6.265722770511263917e+00 6.672650814892296722e+00 9.888348046742157393e+00 5.060012195389049339e+00 2.655875784962624664e-05 2.281207380230000126e+05
2.066014463425871472e+00 9.709640022723560193e+00 3.861822976677526942e+00 9.197398231686305436e+00 4.201694694254177520e+00 5.805055158630408663e+00 1.992389507813012717e+00 2.801909606035022371e+00 6.279233859870808843e+00 5.530710651902026598e-05 1.353721984170000069e+05
7.806132110618468900e+00 4.024845002331264965e+00 4.781341930107777749e+00 5.289081590325459103e+00 6.009028531341307655e+00 1.812131885937413589e+00 8.685515405562288294e+00 5.407954481287454485e+00 2.653082668750252893e+00 2.885554845732940521e-05 7.215971180109999841e+04
2.542639678852132157e-01 8.939749305739759677e+00 5.639963152973508365e+00 5.574378222228585145e+00 1.570142594878851661e+00 7.936696318159482288e+00 9.658631002010265032e-01 8.088725648039089222e+00 3.942663876142427082e+00 1.880088163930260237e-05 6.005039223540000385e+05
3.159401122899669012e+00 7.460433412825773214e-01 9.344273432641088561e+00 1.654774550427253743e+00 5.986381001154283510e+00 7.764252946257110821e+00 9.494442782300829720e+00 8.487286299431828773e-01 8.074888641971944558e-01 7.444389626964920126e-07 2.414128728199999896e+05
3.299276613386573409e+00 7.428829208698766173e+00 5.201158662910722263e+00 7.351831681864272383e+00 7.593653810798110193e+00 3.090311183615950252e+00 9.180294567269751127e+00 8.023973958167351483e+00 9.509821686026753706e-01 1.702192325536699968e-05 5.223636648109999805e+04
6.203661869625443082e+00 9.694701664652612294e+00 6.547981270962706546e+00 6.903540852315731335e+00 5.631879236581422532e+00 9.297324118558771389e+00 7.701147640078809253e+00 9.209199143762056394e+00 6.594167414805552241e+00 2.196547277288907196e-05 3.277016102630000096e+05
3.031857986179393727e+00 7.551360036731794345e+00 9.331482445725056252e+00 3.231718214176314774e+00 8.383529637676414126e+00 6.687217380648858622e+00 9.926050516982443117e-01 3.791902699394479548e+00 7.412549283470700523e+00 1.620852894901325669e-05 9.054951429329999955e+05
4.141295596860345540e+00 8.324087557149345784e+00 1.745177671301857414e+00 1.243600899712680175e+00 7.239584072470783838e+00 2.035432101733769539e-01 8.800085394773979885e+00 5.021725016976795963e+00 9.401288343765212829e+00 1.053335309642022821e-05 6.455539076590000186e+05
5.941738329445989564e+00 6.537692924244896453e+00 3.601417503704826828e+00 3.340525322297497546e+00 1.202244829131754456e+00 3.635014516270607121e+00 7.357832850358736465e-02 2.577486958860775168e-01 9.292409842714150159e+00 3.409587771452393667e-05 5.115349422050000285e+05
6.410201997027185072e+00 4.061016317276866516e-01 5.262597380248331902e+00 2.456169785279028517e+00 5.188186796560142255e+00 3.182091845373883565e+00 3.242935516731062506e+00 9.949745644187816040e+00 2.815056495657783930e+00 1.932995311593188603e-05 2.595208547339999932e+05
3.176294089833575640e+00 6.893955254450964354e+00 1.470669283291839990e+00 1.502988304563067645e+00 7.707652836341100766e+00 4.212170630543868199e+00 2.888055651253642608e+00 6.659075747075688945e+00 1.675050282169504579e+00 4.364482926177970512e-06 6.358730680899999570e+05
2.307814087062966202e+00 2.415006108724877532e+00 1.609415559902308557e+00 3.128756815777447020e+00 8.417920515395913128e+00 2.915092526040037324e+00 1.896037391528688776e+00 1.314883290513332303e+00 9.980797353067448086e+00 3.467691367387004675e-06 2.770535486310000066e+06
7.140295302207483985e+00 1.903628723973113113e+00 8.179866396162667641e+00 3.879704080360285801e+00 9.239986677700684492e-01 8.732685189464174158e+00 8.940398699247333880e+00 5.159907294371515185e+00 4.073439345324203487e-01 8.920741422557831868e-05 3.462896474610000041e+03
9.895660228407841430e+00 8.045628926619063925e-01 4.759816143152319157e+00 7.508354481300397509e+00 6.718305020647421522e+00 1.960936915086175514e+00 2.321306526050088692e+00 4.666974740903833130e+00 4.651921512666206127e+00 2.075998647432797384e-06 3.298029347469999921e+06
9.996959192283709328e+00 9.423132620234293100e+00 4.530268245415680628e-01 1.841085663983731413e+00 2.690288542756391621e-01 6.564191283746163563e+00 3.860380194151399103e+00 7.396503184166036693e-01 3.090342993405947869e+00 1.903211053533304664e-05 7.115580870369999320e+04
4.573499251169512725e+00 4.188212502796662129e+00 8.747210803232730036e-01 6.064975931714920776e+00 2.894145752276333639e+00 9.105576754275335194e-01 6.731381864597826059e+00 7.007763635698520233e+00 7.971579024140881486e+00 2.082383110391106129e-06 4.066766964550000150e+06
4.283800730163054737e+00 8.248696707035396702e-01 6.540349342207099959e+00 2.031238076641819212e+00 7.096593782748512602e+00 1.699293622294539841e-01 2.765015457720231495e+00 1.512179136886870889e-01 6.638018862928603880e+00 4.690683035324383354e-06 3.104709418099999893e+05
5.384659044617150059e+00 8.018029296297658703e+00 6.459762181839438178e+00 1.859382821258368512e+00 9.821927643312410083e+00 6.989277158942911683e+00 4.141151903062510797e+00 1.214609490112095180e-02 5.804072091348917439e+00 1.801149262403711759e-05 1.743042612269999881e+04
9.464548938705732439e+00 3.885030593044035641e+00 8.686660015053536910e+00 2.347586056977775115e+00 8.058215855395623350e+00 7.823340758637709946e+00 6.013446841597613890e-01 3.264364361523953484e+00 3.685528618935340006e+00 1.636268491589376595e-05 5.366830961349999998e+05
4.009445781481502102e+00 7.451626814668333765e+00 6.658174786675736812e+00 6.398555062364270185e+00 2.566701962905959533e-01 7.797131988154227145e+00 1.353480817818361048e+00 5.562268239258108871e+00 9.098517950009791022e+00 1.175263612429588989e-05 1.537049347790000029e+06
3.178171718193322448e+00 3.906014574709773868e+00 9.000007154231659534e-01 8.101371690469470366e+00 6.624322841760532654e-01 3.079480938196705875e+00 2.288763150298911420e-02 2.180381316210344700e-01 5.439197325619741008e+00 2.080617615591981995e+00 5.378862336890000151e+00
8.426985780088738665e+00 7.710658012859309629e+00 4.542948830283667583e+00 4.146507181390036934e+00 8.333070750316851516e+00 3.620093242638308340e+00 4.114424237549138219e+00 7.779944780232373347e+00 7.215623775470091594e+00 4.291488755882481243e+00 -2.746459323250000040e+01
3.213050866306935482e+00 4.185157007508233384e+00 8.474044315819369899e+00 3.711607198046222855e+00 3.680633314600906481e+00 1.152570224361604279e-01 4.977673871396726124e-01 1.316603970125913570e+00 7.425698511549658321e+00 1.160913608577729406e-06 1.207680112710000016e+07
9.702629223183187435e+00 9.985274791081096168e+00 7.419017575414827093e+00 1.798529232738882433e+00 3.319269415777602816e+00 1.070573500321769789e-01 8.166408399622650194e+00 5.087465291588033622e+00 7.227519765923929640e+00 1.734138689240249942e-01 -4.891889839899999970e+01
1.708453841908608162e+00 8.878647807497378253e+00 7.377474033424146427e+00 1.213359568899962104e+00 1.959031772794157522e+00 5.332269049945992379e-01 9.765330431586608739e+00 4.407365946446395455e+00 9.611488013846953393e+00 1.807613806525942834e-05 3.586473732190000010e+05
5.174887335788469045e+00 9.377803037789600893e+00 4.146726166698476490e+00 2.431164445213762626e-01 7.457285064197850311e+00 1.893011943966249611e+00 7.136245204561657118e+00 5.090443317752074925e+00 7.498030589757944675e+00 3.518155410220380475e-05 1.808725856109999877e+05
5.276263509473126945e+00 6.638249977336954544e+00 5.739511907998329221e+00 3.548609300244873754e+00 3.677144358831717419e+00 9.205860520587860307e+00 7.121626862791702095e+00 6.948698080612540906e+00 8.041376625226750008e+00 3.022160821597452696e-06 2.647670717980000190e+06
4.594599402358001683e-01 8.666084265707260315e+00 4.552468671413238077e+00 6.051528297931683120e+00 5.785175884060366869e+00 5.909769690292066002e+00 5.540798905366428606e+00 5.562360811416283468e+00 5.190649087458242050e+00 1.736727639145563273e-05 3.058825116029999917e+05
5.024459660385122817e+00 9.817916030111161874e+00 6.868480102287923827e+00 8.840357835521309937e+00 8.118810275863898696e+00 5.271165370314159659e+00 9.607627515587877198e+00 3.721157580998701864e-01 5.670829370542389114e+00 1.176276792302921592e-05 9.291160421790000692e+04
9.701170615084574678e+00 4.822400209342517563e+00 6.043527905852706716e+00 1.050347534831127527e+00 7.269006611132605933e+00 9.158363982076719978e+00 3.633782497655886345e+00 1.691276667415904100e+00 5.517126996509260195e+00 3.029562831269316803e-05 1.254527113740000059e+05
5.339076725223720565e+00 9.394296601551046066e+00 4.900369918418871151e+00 2.696872475182262363e+00 4.968348367821885603e+00 1.340355313969365803e-02 7.743468890330024834e+00 5.686259684488711663e+00 5.611909041345244376e+00 5.349050126152557816e+00 -6.923249355260000470e+01
6.362838933317785717e+00 3.206336414216357511e+00 9.344539455493109159e+00 3.237756239987684914e+00 5.366490903666003121e+00 7.155235076254155224e+00 1.802569359186331210e+00 3.018757428712945945e+00 9.243103678472973428e+00 2.123314696955702630e-05 5.695934292330000317e+05
4.556867752099126534e+00 4.754073902105274918e+00 8.595352130497552423e+00 5.553473480483589242e+00 5.907356525771034761e+00 5.186522493561457559e+00 4.660152557224630954e+00 8.653707972880798849e+00 5.178199267582145993e+00 1.410887700004082035e-06 7.056328007349999622e+06
8.849970216845882476e+00 3.318285408605231801e+00 5.007885301297855030e+00 9.095000936425828186e+00 9.090201753946875129e+00 2.022275771330829031e+00 1.244698003699367117e+00 7.209121623644323407e+00 8.122788603051553480e+00 2.475749031338736472e-06 9.774269579089999199e+06
6.417393567758491457e+00 3.622882580103973460e+00 6.937594849947597453e+00 7.464459158296550711e+00 7.824648633654072150e+00 4.084764089267507003e+00 9.993348067771840704e+00 5.145314215339112707e+00 8.101254371692736100e+00 2.122788837599642875e-05 2.767817109070000006e+05
6.518233167712694787e-01 3.626519594735360119e+00 1.669584307007750956e+00 6.654148265857147138e+00 4.879172259821493718e+00 8.939387167919415234e+00 5.854528032023009754e-01 2.810480143812069898e+00 6.848243160451065847e+00 4.637655366677265967e+00 4.903129326420000211e+00
7.586812515517280531e+00 4.005591115864540974e+00 8.426583420458804596e+00 7.323942776553129974e+00 3.290985179557818441e+00 4.254010622419990284e-01 1.000927279821529625e+00 5.499440669468373066e+00 6.099050409166132170e+00 2.165074155402457734e-05 6.498290509940000484e+05
7.304738758271811516e-01 3.138451173316476606e+00 3.841747795468956284e+00 3.699233365769280191e+00 3.226385859641789366e-01 5.602010396834700146e+00 6.649210264299326489e+00 3.869891084433257689e+00 9.066574706142983331e+00 9.811775012193299617e+00 -1.824439603600000126e+01
2.401518056175648841e+00 6.497497901759937022e+00 2.514900186882123911e+00 1.728251435149739113e+00 2.988972538630292330e+00 1.353257579391747845e+00 1.461387916584901969e+00 3.815841018309651389e-01 8.218261043421261292e+00 3.154087919732262435e-05 1.312197551319999911e+05
4.997701003484014137e+00 8.248902537811728664e+00 7.363792260857175087e+00 8.443498726470572535e+00 6.509123444152328020e+00 3.804997673511016920e+00 1.910076155716703417e+00 6.481900629827213045e+00 1.898856447588299634e+00 9.263137469295301685e-06 3.886516870989999734e+05
7.982069760354477239e+00 7.253173932522209988e+00 3.125408054656060308e+00 2.082284246057630739e-01 3.557469969448612268e+00 1.538446355266435139e+00 5.717450503166245923e+00 2.125417809682207171e+00 9.697689965421055547e+00 1.771122752458609284e-05 3.284486004480000120e+05
9.822381068269315563e+00 9.370874634180212936e+00 3.729761150025944438e+00 6.200027356907770404e+00 6.314871783018036311e+00 6.033142101397658053e+00 3.963750077893950508e+00 3.190185747893056423e+00 4.245969766133166345e+00 1.625662935378358043e-06 1.904558689830000047e+06
5.851536782043281093e+00 3.471907905923433901e+00 9.806853463976368701e+00 4.140190516587506586e+00 6.910069834629279484e+00 3.269446860055889026e+00 9.253554465607571444e+00 4.215048676209307565e+00 2.696373901657163064e+00 1.196381079759945010e-06 1.819785365939999931e+06
7.813350612208774137e+00 9.522621826254036748e+00 3.810084976349762620e+00 7.512697174888645968e+00 9.182192991247342562e+00 7.778261318234375388e+00 8.769964675547113231e+00 5.333525741929767250e+00 9.836570873006284188e+00 5.133875102147911207e-05 1.503349390779999958e+05
5.344229523632701984e+00 1.280044424573851813e+00 5.166357141252938767e+00 4.887002723323150555e+00 7.007086291817405943e+00 1.796073508155481280e+00 1.789239110869550453e+00 2.789739447731243160e-01 8.962018324241228129e+00 6.449587221957209238e-05 5.530077809220000199e+04
1.748923146039792487e+00 4.137057815386127047e+00 8.719845661449891594e+00 7.848399567139140665e+00 1.161462286220601436e+00 9.151026857463072872e+00 5.309130238062243379e+00 2.083591413759517952e+00 1.934590138012128868e+00 6.463168343850966835e-06 2.021526004039999971e+05
2.445784139106454980e+00 6.868295419608656971e+00 7.438673458105839131e+00 2.030823188469632612e+00 2.739632779330406720e+00 2.835129894956721408e+00 2.625286810435772722e+00 8.275000072555689812e+00 9.839883908821761338e+00 1.249756345078623099e-06 1.746968943690000102e+07
8.026198776663218126e+00 5.261195447059890284e+00 9.031838048414902786e+00 5.342087243568671706e-01 8.774582413398158920e+00 5.018176249587310345e+00 3.714174951592743579e+00 7.115075132405018543e+00 8.640306417722488419e+00 2.050454638857779344e-05 5.694530052170000272e+05
4.731151119444881203e+00 2.056983687006023409e+00 5.857558363483220454e+00 7.704059449596079023e-01 2.740291939865644455e+00 4.160894644999030056e+00 4.536660957733539945e+00 4.008241595477173291e+00 7.835732764169756059e+00 7.905984181766356755e-06 9.206541203420000384e+05
7.835585609481149127e+00 3.344017538338054152e+00 9.772228632703562567e+00 2.989596205450487432e+00 4.500952571460819840e+00 3.535430230398618257e+00 8.798813366438688277e+00 9.728372899207272440e+00 1.159379324500579012e+00 3.297054566031576428e-06 4.063353545589999994e+05
6.387155983891435795e+00 3.391291191457446175e-01 4.872491124928784778e+00 5.903620480597795428e+00 7.984077446903312669e+00 8.211024007114616552e+00 2.495096969795858044e+00 1.667429097719778097e+00 6.240940974519260998e+00 1.742552913741590714e-05 3.001145449210000224e+05
3.649664088917747851e+00 8.209681583783682512e+00 7.506787164486656394e+00 9.335313103408672930e+00 3.005117183184044194e+00 3.201642910690787325e+00 4.308020394573839340e+00 5.126441812301973044e+00 3.745873739705726457e+00 3.367859473080159205e-05 1.201508936609999946e+05
8.461135631141315727e+00 5.890345282700707230e+00 9.994820809693965913e+00 8.495567443749241221e+00 5.521985730454170849e-01 3.162748084316500119e+00 3.492187747519002183e+00 9.289901804115253015e+00 6.143402031561403298e+00 2.252413117465046355e-05 4.356323833779999986e+05
3.604578326290796220e+00 9.680707746474894293e+00 5.966525898643343595e+00 5.362274231801437807e+00 6.262595916562596621e-01 8.422088461378097080e+00 7.389166190117702371e+00 5.915992576872663999e-01 5.113372297092726448e+00 2.202179151031447013e+00 -6.550006562020000445e+01
1.997202516241914916e+00 5.628054193575375841e+00 5.801362381124023138e+00 2.504700252470305699e+00 4.799835952701586805e+00 1.932379357163431788e+00 6.114900767514858337e+00 1.193191001921656280e+00 1.711845003487953987e+00 1.799750347641904114e-06 3.780578343519999762e+05
7.700744750669520577e+00 3.984643269912915287e+00 9.728810436703106745e+00 4.537936368568708190e+00 2.102756582578169997e+00 4.843055248607352148e+00 6.932904794432996454e+00 5.547461225929984252e+00 8.682509696716855796e-01 5.464030224944238512e-05 1.409232887370000026e+04
2.410782733293170832e+00 2.692309137441250222e+00 1.668424621413919784e+00 7.403569243164008995e+00 4.822220259277236742e+00 7.859040571681980225e+00 5.069593878427286704e+00 7.925860232285193874e+00 7.242496905962712006e+00 8.770193198633950971e+00 -7.607926008349999769e+00
3.728587508369411996e+00 8.991020161134603228e+00 2.392338909430984373e+00 4.562980131177920562e+00 1.790940105088090206e+00 2.376399132923499913e+00 2.321029047120137800e-01 7.650101946729622959e+00 1.178095112376100762e+00 3.603226942816561973e-05 1.878697683959999995e+05
5.765792202504079533e+00 8.796228898500466187e+00 2.366315923296093082e+00 5.431059468004589164e+00 6.468593698051011032e+00 3.213403653615870326e+00 8.051910388074501324e-01 5.464769303438044012e+00 1.904365650597554804e+00 1.657049567338475526e-05 2.918329425579999806e+05
7.000660426954196325e+00 9.359022866611825364e+00 2.141699772417072545e+00 7.721412974109664873e+00 3.748086668314796199e+00 6.479969994303402814e+00 6.904022305890396893e+00 1.495375557707113723e+00 3.184518122079574631e+00 1.084380257809769432e-06 1.482012715060000075e+06
8.824069157967667110e+00 8.562243169083204819e+00 2.525006924955042198e-01 4.417038251670979410e-01 2.540361069900117563e+00 3.320239248894572004e+00 8.197544597371375641e-01 9.285535204468738257e+00 2.247674003435093049e+00 8.724088434997057107e-06 8.405240637989999959e+05
4.464008435004737763e+00 4.658970052639599402e-02 1.934360658612982453e+00 6.289663736261364768e+00 6.965706167325107501e+00 2.472005602122546719e+00 9.856038919960155908e+00 3.129610898083354797e+00 8.788216135298007714e+00 3.174464157096323902e-06 1.650723661700000055e+06
1.845689229668000531e+00 7.427764901328108849e+00 6.260174124591767253e+00 6.032727443482660767e+00 2.166313830181062272e+00 9.615167223857337575e+00 1.771076827315809510e-02 5.563460271326418294e+00 7.123674099539255344e+00 6.953153245947696348e-05 1.803674186479999917e+06
7.859352405568350797e+00 9.529237464554526582e+00 5.453048482705681543e+00 5.971809132841884526e+00 7.812092583421303971e-01 4.135982362948945834e+00 1.745273636629685043e-02 6.154391361590102250e+00 3.040170401395680955e-01 9.886159514982312047e+00 5.068269315190000235e+00
2.783271611267398526e+00 5.968399269064139645e-01 9.858488385333782134e+00 7.601414549244466912e+00 9.164136725053053212e+00 4.412151709821758416e+00 6.864454857607547922e+00 2.842325580659133877e+00 1.690877475273292463e+00 2.879585563925420644e+00 5.020173676319999778e+00
8.803091860179756978e-01 3.268326608131949307e+00 6.385595222372919544e+00 4.890541658969009831e+00 4.689485872609379769e+00 2.524768073769986465e+00 5.391682476905792498e+00 1.955980940096386789e+00 2.897230398743880997e+00 1.115881561597475979e-06 1.745023076619999949e+06
8.281928212675376599e+00 3.771431847288525319e+00 9.695188191839505976e+00 9.852155338008133256e+00 2.957732201659872828e+00 9.225872785823694855e+00 1.686483812709638208e-02 8.723848407029537455e+00 7.791822035224049703e-01 2.681768027542721367e+00 9.969157674879999931e+00
2.620664835375988488e+00 5.151499323080242831e+00 8.453824143094250232e+00 3.666033480891466301e+00 4.794757879964132385e+00 9.857648148870985949e+00 2.003625185469037895e-02 2.984070765387294433e+00 2.633505592359596470e+00 9.427509810195148887e+00 6.544345456310000309e+00
6.104093193361661562e+00 4.879023470828833808e+00 1.168838618609576718e+00 1.450028156206167873e+00 3.247261083625111233e+00 6.704498874844867728e+00 8.207795199113922635e+00 9.821759246064656779e+00 6.297554365282075572e+00 9.120823113711564289e+00 -2.873239888799999875e+01
8.420597443372670909e+00 8.012680390873862635e+00 1.919804243916859443e+00 9.248376871654762965e+00 3.224333056603734260e-01 6.583976145489631726e+00 1.796152502723691313e-02 4.301419630521290394e+00 3.551073059112808128e-01 6.948427158904296519e+00 1.853074298389999930e+00
1.595906333731234028e-01 9.935575108307107328e+00 8.729063195735109915e+00 3.146506344086148488e+00 2.922315464139446650e-01 9.412332642580834019e+00 1.782063160961078196e-02 1.637226929938369047e+00 3.336601246805578569e+00 4.557569984305510857e+00 1.010585118330000043e+01
8.897415244861610617e+00 4.355828804281609123e+00 4.307514112200995449e+00 2.614424245460157614e+00 2.200030046431422637e+00 2.325748201987272168e+00 7.562302991937023044e+00 4.628985809127399875e+00 9.012034141667262688e+00 1.637102392537670426e-06 3.525371914179999847e+06
4.821239426078238743e+00 2.284635415329189456e+00 5.313959005276888803e+00 2.799235394415873213e+00 5.096193626889790274e+00 2.899326724543950462e+00 1.716002743968769728e-02 2.575135051446153511e+00 7.239248000474061584e+00 6.407660099924409991e+00 1.655971566339999868e+01
2.652088426344734184e-01 2.961981967210183253e+00 8.084136961957035794e+00 6.010379317696703083e+00 8.819313043566296528e+00 8.603514124795511364e+00 9.382876447278906795e+00 7.913419078499869030e+00 6.259986992152692054e+00 7.292197637287500811e-05 7.873027674800000386e+04
2.103611335001960292e+00 5.849631856554031728e+00 7.009256579324629755e+00 6.153689955386640875e+00 6.350897978639698849e+00 2.763259011071924398e+00 1.760358168590103745e-02 4.871197395437905975e+00 7.229127754065009626e+00 5.806705343794549279e-01 2.122085394549999933e+02
9.564154604522315140e+00 1.706917202878425188e+00 9.708932637253163023e+00 2.059282852123767160e-01 2.270429779815745785e+00 6.010842441313295481e+00 6.619902182443928140e+00 3.852790872648013121e+00 7.157998292234508675e+00 6.931807450261118220e-05 7.913575112390000140e+04
6.780126343765708441e+00 8.602496339596322983e+00 5.811438840194296240e+00 8.848375516621974413e+00 8.874837639923471855e-01 5.819605709514295455e+00 1.222569295132425182e-02 3.044195123748261178e+00 1.744036211595417774e+00 8.593828958008998598e+00 5.605755896719999853e+00
8.005172232953976064e+00 5.599979099106412228e+00 2.509791359101891661e+00 1.463333046100392387e+00 6.875327898318967179e+00 4.297421433494496235e+00 4.826489805283335599e+00 2.849341958521163232e+00 9.001849195520417179e-01 7.107017421570382965e-05 9.727088822570000048e+03
1.135079310113840112e-01 6.137594690418929133e+00 1.220997855861687409e+00 7.643013834576563248e+00 4.649270690872003620e+00 8.809433491850748865e+00 1.713940819894999024e-01 3.500302349953404502e+00 5.596704167454898737e+00 6.786351710033988738e-01 4.347471601910000061e+01
8.802236414054112501e+00 6.598819141135439992e+00 2.355243481112563320e+00 4.002104380726649424e+00 2.999577302561306169e+00 9.837417732417005567e+00 1.557118096398726337e+00 8.878789616058590184e+00 7.295732434412936840e+00 5.646103162781912488e-05 3.110888217699999805e+05
2.620314079229318693e+00 8.900667555284801580e+00 9.797303029054299728e+00 3.209328185282889212e-01 8.732628785953453487e+00 9.671606656026963122e+00 3.894809301229371634e+00 8.923050222993111902e-02 2.497174735670251167e+00 7.050866897784224818e-05 5.294704731400000128e+03
2.350983456418622719e+00 6.763536726248956299e+00 2.994530269188908633e+00 2.617828331320696478e+00 4.591236121363442280e+00 2.925765955679948682e+00 1.771021095977820536e-02 6.983801938535812326e+00 6.269048394971931337e+00 8.843658534807110172e+00 1.598294398410000028e+01
6.605833786070434144e+00 9.425166471498480192e+00 1.309263778887629348e+00 1.208425480062543800e+00 3.701073633295438370e+00 1.581491632816813819e+00 2.136032690944917878e+00 8.184363000257597776e+00 8.720351928564070931e+00 2.201420256864317082e-05 7.758744541550000431e+05
1.185487256544642820e+00 3.784769063361843600e+00 6.738107984593320943e+00 9.480147065256502970e+00 6.124052846479431267e+00 9.700686463321723352e+00 5.226839715816845811e+00 1.741130748959720531e+00 1.782915521962854521e+00 6.011626172308659477e-05 1.713382645829999819e+04
3.677101936271587324e+00 3.874271597036182957e+00 7.316409850018433580e+00 5.074035004517307712e+00 1.048959823110262590e+00 8.682473732361795982e+00 1.388816756531295882e+00 6.721076299522641406e+00 5.030079082852706662e+00 6.567109048338792832e-05 1.676608259020000114e+05
2.312343377655365906e+00 7.738403814543310943e+00 5.708824138541766402e+00 5.471592985432300438e+00 2.891313111075146658e+00 5.543444531334139391e+00 2.200791393095181903e+00 5.730653749609885494e+00 7.823476330701025105e+00 3.138696090365655778e-05 4.072285189820000087e+05
5.786218168784666993e+00 1.163034900447805775e+00 3.504011091131556732e+00 9.460366378705067802e+00 3.013887082246796467e+00 3.354431005277371813e+00 1.483696860798996431e+00 8.059304277997508592e+00 3.083619890542057540e+00 1.541843659524921861e-05 4.791220956410000217e+05
1.820122488629382085e+00 2.519486061010751676e+00 6.695204265666770738e+00 3.631773697810593227e+00 9.591769719747505363e+00 4.046907822694524093e+00 6.424507669825496592e-02 2.898933296185552955e+00 4.205195497267892435e+00 1.283765729609420703e-05 2.172915336680000182e+06
9.030767889514550006e+00 6.468804489599810914e+00 7.168572552362512340e+00 8.575235699300566949e+00 4.482982339247000070e+00 1.181641395137169592e+00 6.081912550344368285e+00 7.555607139691177032e+00 3.589553555366865822e+00 1.250823023268843315e-05 3.077229814449999831e+05
4.579528072402392347e+00 1.745331075600520254e-01 8.661016795716994565e+00 7.184153349711878356e+00 2.304069707345985929e+00 4.232951341432572789e+00 7.773815633123071223e-01 1.624910586897663212e+00 4.018105950222501832e+00 7.485992702394028697e-06 8.298965114250000333e+05
6.856578374934265696e+00 5.378060728518764932e+00 3.455183786894878928e+00 1.287330074508150624e+00 5.458232936263753388e+00 4.157476885854055837e+00 6.367530478601479693e+00 3.553772815948263997e+00 5.771408043202146843e+00 2.157110209566326375e-05 1.959557289379999856e+05
4.679817331411197046e+00 3.204619101267095260e+00 7.002929869955725195e+00 6.795390946466818072e+00 1.471543468571239188e+00 2.849300809701925452e+00 3.003312860853380784e+00 5.718919004377815973e+00 5.698073265806070431e+00 1.706505834420113388e-05 4.625211032279999927e+05
4.392053346628283172e+00 8.655997918848230555e+00 3.678236760818884843e+00 9.285500816224613985e+00 1.175198001890636057e+00 3.062542056202248730e+00 5.757689218588263103e+00 4.631378037027246819e+00 8.924199969754164741e+00 6.919122891857476532e-05 1.159504618500000070e+05
9.465979993564324957e+00 3.915173974857115713e+00 4.753847535087990295e+00 5.265983630627029122e+00 7.123934921352490512e+00 7.710842641829191990e+00 6.105007203283817852e+00 4.205068323617982884e+00 9.205132609774297592e+00 4.015826506331698909e-05 1.909730648879999935e+05
7.140127667719475824e-01 3.398170612816444613e+00 9.945339709653712390e+00 7.856362722544977473e+00 3.709502825132067194e+00 3.436059198369865175e+00 8.565779703625608477e+00 5.144679951060897594e+00 8.806297158841262629e+00 1.362041920471845913e-05 4.870402822750000050e+05
3.479726993072560504e+00 4.084536341511539881e+00 8.960417347289094891e+00 3.995478803313821103e+00 9.220121151376892144e-01 6.663347048643018411e+00 6.991178213389480867e+00 3.824976287281864895e+00 9.641000590208610888e+00 2.184182831266312519e-06 3.565563486550000031e+06
7.758937191437120795e-01 7.691679199940717027e+00 3.043193958395724596e+00 3.981652572945980850e+00 5.304415386347369754e+00 7.804257335889110969e+00 7.221461834890363640e-02 4.257522342043335684e+00 9.499835815610765621e+00 1.423578440129524836e-05 5.210182244800000452e+06
9.467817224934265141e+00 5.221356196678329731e+00 4.566402948376730997e+00 1.476981269753463444e-01 6.024424897488800390e+00 8.805513288483052037e+00 1.390991191283161843e+00 9.925294644564882418e+00 6.357995513486071282e+00 5.416294973636937016e-05 3.145085955989999929e+05
9.731979150741992157e+00 7.693056553395908992e+00 7.357199150628890294e-01 1.134818996598633278e+00 5.363192233750936566e+00 8.446535473565621288e+00 2.203987226373516073e-01 8.643279041407827989e+00 7.338069464074531645e+00 2.271622128846573219e-05 1.997970446629999904e+06
9.898792708644526428e+00 5.097220443683003754e-01 7.141951483060102746e+00 1.022569108865741816e+00 4.198942168954195253e+00 4.884556132948356222e+00 7.467294554725866007e+00 9.052153907341816463e+00 9.408764608605938662e+00 1.736435941146474704e-05 6.093679680579999695e+05
5.257846078458785044e+00 5.129250689602335100e+00 4.856058426271681050e+00 8.500453701125273653e+00 1.287854637111751632e+00 2.614678789848090545e-01 6.225681544796594302e+00 4.171410971957023595e-01 3.853019098130707754e+00 1.803829766666709133e-06 4.986466484509999864e+05
1.479011917348179717e+00 9.089709674860333877e+00 4.431428688232564639e+00 1.805599815804529440e+00 6.162817231112497574e+00 6.026917522010117878e+00 1.002698361888059164e+00 2.588600496887528912e+00 1.308735502604783107e+00 8.411966897492462181e-06 2.628411593540000031e+05
8.433454592641764780e-01 5.099512544043863116e+00 2.994288634663918813e+00 6.635659987734888077e+00 8.078307989887134610e-01 5.143028622277913797e+00 6.686815190637544148e+00 4.471857564585979716e+00 2.943037921773139498e-01 3.107634047871954408e-06 8.019470756870000332e+04
9.456975651099586599e+00 9.631743931811895365e+00 1.483563614478774495e+00 7.748714000112233435e+00 1.098364715170906392e+00 9.534226138497990277e+00 5.736514875555154269e-02 8.791453919285000751e+00 3.498853111071782429e+00 2.466118027455443951e-05 1.732588040400000056e+06
8.768866121467072006e+00 8.100132057281660636e+00 5.066213777863502798e+00 5.904527484793526959e+00 7.639369999618913276e+00 7.190077674317800316e+00 4.417249053423590865e+00 9.124801155311866196e+00 6.129315979138036496e+00 2.425046123355478755e-05 3.670287404139999999e+05
9.584725079528146452e+00 9.747023825106879258e+00 5.821155436215647683e+00 7.702726004034536444e+00 4.714081648245312728e+00 9.922787130495880348e+00 7.239665947594760453e+00 3.147272986874231293e+00 9.907794280300969092e+00 1.109719488412430621e-05 5.938111283409999451e+05
9.743851381019996705e-01 4.032124949235923239e+00 8.952687840102345973e+00 3.818636458823937652e+00 6.088171442378831344e+00 5.170088004983321106e+00 4.174682380068921006e+00 6.501381659648278522e+00 5.092986049001133608e+00 3.542018734981056127e-06 1.588912261239999905e+06
3.475692446710377581e+00 6.196392744462270841e+00 6.578272458812024936e+00 5.049374902261596354e+00 7.261743655097523842e+00 2.866822909251689477e+00 6.831766353009316450e-01 3.104684360623811479e+00 6.780028914953090791e+00 2.349291622349980457e-05 6.284168825540000107e+05
5.055199361711623318e+00 8.514760348970359161e+00 6.053470114838629179e+00 2.983571664502104870e-01 7.106651927246330658e+00 8.595866556052827789e+00 3.904609587014213012e+00 8.779123616181504275e+00 2.528618509248798940e+00 2.238249951158621798e-05 1.723163832699999912e+05
8.991847257605892096e+00 9.191483933089440228e+00 5.815119747212316170e-01 4.074977108370569923e-02 4.004431948847101630e+00 7.474715842745479399e+00 6.657394482054098894e+00 3.487195414308126296e+00 6.298022951216065479e+00 2.614334866368750454e-06 1.519330796950000105e+06
6.897644491431629277e+00 6.829655099935605378e-02 5.588323592137647289e+00 5.014373530061732254e+00 3.631994865395515859e-01 1.637741073011014237e+00 1.204511268034935689e-01 5.959870680652612052e+00 7.456235997910422242e+00 3.291353026790844183e-06 1.748283218279999867e+07
6.977818633984291807e+00 5.595888622275979607e+00 2.101175737504928698e+00 2.168815769844421038e+00 5.923034796802417734e-01 4.484991108108449254e-01 6.957278892042310758e+00 3.269230825389807471e+00 3.410567858509988781e+00 4.702950105239800394e-05 4.970466325779999897e+04
4.574534089210144927e+00 6.693820681138475948e+00 6.984231939131085198e+00 9.111626650698700924e-01 8.234458551640521762e+00 7.662203372921830180e+00 8.021186049065159196e+00 7.610262270904726734e+00 9.738519136118009456e+00 2.191630744774464290e-05 4.311244096329999738e+05
1.383265496711925113e+00 4.694118295253002504e-01 4.230294248440085170e+00 6.641202972116591496e+00 2.585570611195789681e+00 3.034824581956121481e+00 6.887979074562532666e+00 9.177507108636023148e+00 6.482079397762136708e+00 8.744835034990572353e-06 8.313595902370000258e+05
1.786953385241141223e+00 8.913797966530433214e+00 1.627169063105593505e+00 2.934511619094553048e+00 3.003399166614398652e+00 2.334765618952365784e+00 5.934434021860340636e+00 7.972024398085558516e+00 9.213470516331680571e+00 4.639039775322650883e-05 2.320939572000000044e+05
1.826366242407466700e+00 1.156767944425276529e+00 2.481397651447552199e+00 3.171985787500281262e+00 1.746357796843844845e-02 1.396759577885403614e+00 6.284142316980556586e-01 3.807297385671108980e+00 4.869846149652610201e+00 2.577417842597462538e-05 4.610287948639999959e+05
9.317321714379444231e+00 5.102530125593029986e-02 3.236299071696277174e+00 2.194430806085558849e+00 5.422909214889282126e-01 6.229176827559891549e+00 8.042687706396021596e+00 9.598345671160185333e+00 8.653613730726073427e+00 2.994936485158722128e+00 3.929828668369999889e+00
7.074647699978246607e+00 3.644074707259052914e+00 1.970710074752177743e+00 3.592057630858414008e+00 9.598015931740267348e+00 8.186960735493050478e+00 4.428597622606776696e+00 2.610170067176040831e+00 6.581702389918895335e+00 7.973637069502714780e-06 6.315966961600000504e+05
4.987868560101967219e+00 5.311594601349566958e+00 5.201764063777356562e+00 4.594470243298615308e+00 4.413103339080172383e+00 6.864756331339769702e+00 9.828234739784939222e+00 8.209565635185114729e+00 9.123222623313255397e+00 2.577235659662058254e-05 3.206418123280000291e+05
4.288139592952497026e+00 6.526545952927154115e-01 6.735412758632165264e+00 1.839653550277527971e+00 3.597283106234950623e+00 5.621698038312069379e+00 2.878024717983040937e-02 7.617775721728042626e+00 2.764383526513016776e+00 9.313316939874027867e-07 4.497457596859999746e+07
8.369210436695084354e+00 7.095033899455699178e+00 7.331726426806119967e+00 7.411944002629223149e+00 5.444337531402033470e+00 7.228048748236473919e+00 1.454111000000554155e+00 9.357812218371089230e+00 6.673532340695183862e+00 1.784355501910361852e-05 9.405240144129999680e+05
3.885981450066195109e+00 8.357610404237959756e+00 1.301961350171277898e+00 1.885542403149248480e+00 8.714946963473975572e+00 4.820701711721557814e+00 4.259497304121978800e+00 5.054144609633141272e+00 2.426163819045434877e+00 4.175140415618727729e-06 6.606649275299999863e+05
6.295987279545705029e+00 4.761733479414138159e+00 1.610024003425830630e+00 7.512197201812753633e+00 8.907933613056766120e+00 7.021667014133868179e+00 9.757665030566313291e+00 9.054998573200247591e+00 7.582203273256705955e+00 8.990731659164197254e-07 7.304058710190000013e+06
